498.134984324385
501.397848364978
501.883043693156
500.168923465689
502.754088263417
501.376682942383
500.970090643846
499.959468870313
499.676110795148
501.661147427824
500.142805231534
501.061084190592
498.778800076560
499.083347340553
499.289160344147
499.103478876672
500.775878841727
501.002141856205
499.626293916355
501.077354394292
499.100733949367
500.889086953163
501.175960381818
498.955578538077
500.388711604022
499.862329724591
499.389919618399
499.536527013092
497.693638376487
500.633206938691
499.450154205241
499.107896548954
500.798011465498
502.819421077004
501.031073177683
501.670734963413
498.917831527427
501.026638455857
499.174357240601
502.285098955679
500.726523030190
498.816944484841
499.136862993036
499.400103721678
501.166622402457
501.963760220972
500.644660518148
500.175118577275
499.413582350506
500.646881447828
499.751467396288
499.514095087929
500.023806331620
497.376231360376
502.523733086091
499.821715893989
500.742798589464
499.127686127407
501.669790887076
498.847714899716
500.357418451117
496.766679787259
500.033131242014
497.694233968141
499.546349036963
500.908832506406
500.843551232314
501.803569578983
498.022733985074
498.917583538103
499.832236993519
499.443329059925
499.830313422222
498.595872692098
500.511087657048
499.319944828705
500.632635110058
501.429732067291
499.834160886250
498.300659660861
500.820153940140
501.033244041564
499.158416527242
502.401585501900
500.958912539972
500.093203435277
499.758759900526
499.576143561647
499.879872218650
501.176624924653
497.721261172948
501.196744269590
502.524670475759
499.542427479119
498.382546277590
498.373898019059
498.606315426052
500.986199922307
499.643028548361
498.622852643375
500.037487871180
498.144432139541
500.873729654009
501.155094541244
499.705347445665
498.548118786892
501.881679437932
500.057329552196
501.755979012997
500.356376484987
499.917194581761
502.014940668318
497.742654749291
500.087837388489
500.335298204298
498.922646572154
498.949298832813
500.889747589482
497.152499555093
499.483864533548
500.417994442366
498.437720326093
500.538135685066
502.893407684915
499.528666969640
499.461070819535
499.464041552826
497.597659660136
501.589761490337
502.179077677976
500.803055698355
500.819209223523
497.973611432264
498.778034734496
499.534886407420
500.401592863226
499.625124889988
499.967337811470
500.606665581439
499.549854284500
500.458132427587
499.871577154259
498.102311580055
500.178504103881
501.359293817997
501.222650916845
500.791338302505
500.590705150440
499.122002848476
498.270516094238
499.953670858893
497.441214331434
501.494091427036
499.473308775732
499.853685788145
500.661458861445
499.756943125944
498.522397698752
498.462175050709
499.297906611793
499.385926413649
501.622051091521
498.398367906254
499.373344234983
497.796072320922
496.611062260351
501.149815031607
498.509622554650
500.875965064858
499.721206616568
499.732420035646
502.773344149452
499.062395629642
500.051341244177
498.681379161075
499.715937529278
500.167032893740
500.760629103205
501.448220122138
500.668779539579
499.151449414471
498.617277338702
502.338152695414
500.244226443828
498.039357154400
499.892470876992
499.244301587714
501.763237000883
499.966813558933
499.038549058417
499.648737712064
497.989527263843
500.206544272778
501.091507679217
499.515818561869
499.344634046246
501.282644844889
500.586287989643
499.336514381257
500.194111018029
499.127587811139
499.382878896660
500.609609397943
500.543870495761
498.863205796546
498.937965998741
499.928647313525
499.307279657144
498.608984463069
500.810192530430
499.751779042425
497.951274939730
500.714320463991
497.962632833182
497.929434660577
499.442923253805
499.227602246428
498.563879515959
500.370347824509
501.006550302458
499.993948117921
500.902629168777
499.433179928758
500.526649592771
499.087124976876
498.408168473392
502.482262494060
499.659884150163
499.118512576591
499.919959596062
499.697479401338
499.282931066926
498.595049262003
501.001287607772
502.217105785586
498.706550527427
499.374967375532
497.436817841336
498.798796699320
500.154505876886
500.492500864830
502.269363457625
500.279484399439
500.458811327120
499.621295363199
500.020120568587
498.222882391386
498.372493235395
499.132630195217
500.360535696468
499.019711259910
499.009574576599
500.476712462064
499.892735333913
500.829973157057
501.731076547809
499.784783598458
499.120293046378
500.086841591550
499.271372302812
500.471401876179
500.598246655317
503.755955212958
500.373881968035
499.876397382244
498.830739808670
498.049926784759
501.861134676732
500.803329614538
498.072342326068
500.808863177533
499.041959009709
501.257343775389
500.825733274311
498.669928962592
501.473707309214
498.673174840245
501.953118075693
498.733716534064
498.983882906918
500.870956424340
501.045086387463
500.527649781869
499.662754053081
500.812612550286
500.609703422492
499.952382219460
499.080389431480
500.450454447819
502.266108266391
500.132068078558
501.360683504619
497.255199089840
502.128565937738
500.535952969457
498.483546105135
499.721295585436
497.945004837323
499.722827291832
502.130218185849
498.769393692875
500.493489642904
501.337373774396
499.074812137216
498.498257683193
499.322228236469
499.771332558914
501.772384639610
498.248074831955
498.713468121306
500.013739564572
501.941615607755
499.935158619163
500.298311905228
500.615257513314
497.844664834246
499.729630621810
500.135811933701
499.758498368676
499.366585702496
499.842007658846
497.793520759671
498.987880260447
499.548155159465
501.307703146039
500.780907743132
499.873297366061
499.084618521185
499.847334761047
500.328776296128
499.242434442215
499.275532054801
500.365726844840
499.127783458611
499.474790733676
501.573019943870
500.417933863816
498.887411889153
500.300753955950
499.272962690883
500.207560146847
499.876818191054
500.128754905566
500.546937450808
500.452733485674
498.685426459354
498.841290913415
498.502776047680
499.063992536978
498.912231033172
498.773637323468
499.223527279399
500.600986743386
499.872955163829
498.659179968291
499.101517470354
498.581200015746
500.168898563773
498.218493248997
500.078002500262
498.674970394471
498.963932989746
500.415486392686
498.816993265718
499.936922355209
499.414841463699
499.965108748358
500.159073797112
500.781144148782
498.314936912179
500.293233224076
499.980487060821
498.213554876570
497.587270164057
502.012793410656
499.724412696569
498.208744876458
499.844240146217
496.719210097591
501.461021993438
498.736101639245
497.550441085514
499.742858831050
499.814854568008
500.316704885320
498.811383131940
498.246955935379
502.292953153524
499.789246498659
501.695259484785
498.514303045899
499.098636187069
500.849940696817
501.391995023102
500.211934045193
501.043192769685
498.364756761647
499.834955480342
500.983361052135
502.746068327864
501.295546958279
502.933636430233
497.881224155735
502.288320698083
499.923327004480
501.365118214612
498.481616908094
498.687271473363
500.663836317680
501.535949866787
499.633008569997
501.160704467430
501.049915877884
499.705991298863
499.762046379368
498.511560341624
497.956751284589
500.051526029162
500.179231532522
499.218086050410
498.186429906521
498.025872598648
500.178161953688
501.603170681602
498.127040824989
501.256938306757
498.054177150756
499.906242832446
497.603775982438
500.633567829403
500.586816736863
498.546695099673
500.891533174383
498.615531934360
500.835429290678
499.231396476173
502.766867643168
499.649299375045
501.480495043814
499.278631265428
499.773627190373
500.367188884170
499.867233558825
499.464029861071
501.519011461170
500.693150577355
500.136788219630
496.987537926903
500.128102401138
502.131918829435
501.243277747806
499.246528912893
498.896068452553
499.091637244559
499.810572624582
498.722160161166
501.815766489851
500.906211781794
502.339791112612
500.369098486523
499.130780894218
500.269974908448
497.246630576250
500.333905903613
498.764679192249
501.486558726927
499.887331099318
500.933960087999
499.632262612238
501.496021748625
500.789523725844
498.863448196648
498.879388061571
498.486800905645
500.825124127119
502.666899213520
501.942362146089
499.320403525004
498.483524041336
499.427205377154
500.356452373572
501.828628543556
500.489213891814
499.902544056973
501.132056379167
501.906294445718
497.262372305502
498.728429850619
502.174369407858
500.501665063846
499.952829137950
499.832141462104
498.977870229760
499.469054881065
499.532566553166
499.434234272985
499.989500774011
499.600374301500
501.280006077657
502.675153618771
498.695701160538
497.696755241047
499.065627132901
498.815545347585
501.929287742669
499.330486247114
499.769167553819
499.995127235304
501.804535749866
496.826498051773
498.735610031234
501.086634900845
500.141942362869
499.650010757545
497.861003461988
500.253168358116
497.759179361224
498.524140806412
497.707386013537
500.720460149512
501.264776154592
498.577386541565
500.074579979563
499.616817214655
498.207804614699
501.497249267522
498.312772671449
496.146427859858
502.061605332338
497.414377305889
503.268820786706
501.723265609037
498.931921459802
500.079559670099
500.107640097509
501.196209775133
500.899568886745
499.741730416591
500.695039549962
498.986839050900
499.590292271842
500.032698901797
499.579818717733
502.293568111133
499.089182513700
499.226488642524
498.414422989632
502.212066638768
498.840677661759
499.588574446493
499.174144559724
500.280186255259
500.438869594193
502.120808222939
499.045408947194
499.727178187753
500.928304789584
499.828041290528
500.076214792693
499.506879870621
500.996967135600
501.863695455424
499.578262726991
498.382302995367
498.700135119771
500.090262629511
499.629617882765
500.086248980027
499.940217746275
499.139516604503
500.817768162667
498.821499390321
497.676132774682
499.934762236364
500.428621769758
498.210151422702
497.793845958453
500.248202888023
495.175857618440
500.175662266440
499.476176177785
498.804285228924
501.846661088209
499.022580112679
500.217712851881
499.237503979034
498.704426454089
500.487766455243
500.696860631311
499.586984451074
499.076550801563
499.577335463113
500.321600677232
500.407800076281
502.340993437852
501.202206591998
498.523427728098
499.902311795467
499.622821632133
501.338331941112
500.322574513000
499.476150819981
500.228192172757
501.605580305819
499.297965773763
501.041214741668
499.039830047665
497.702666440037
498.785729539861
496.262259306146
500.268407340155
499.967524653370
500.749129710170
501.908145723030
498.708776400951
500.395790742487
500.744010903614
501.366647126050
499.971531664073
499.746390541643
497.739136469192
501.452429306947
500.679983108936
499.870995946307
503.833769120367
499.023978614448
496.635194587531
499.901550608041
501.358699276997
500.994979811258
498.503769577022
501.328350538047
499.442611312614
500.831708023485
501.247879053316
498.793675733952
499.758064364223
499.409140740655
500.730743578540
500.225275550326
498.756277955253
499.314026441410
498.447333821225
501.127705466468
499.128558697974
500.325338466090
499.280739861734
500.892309436902
500.233048697141
501.595438290932
500.920127479931
500.770907565198
499.659733499401
499.123496462523
499.535833961510
500.437349589752
499.456894954135
500.576558982573
499.877465667512
502.251030431813
500.877807953443
498.783252573467
499.908782185612
499.337067518759
500.742247206805
500.598274471191
499.116253299149
500.883309629505
501.513666392474
500.538803247008
502.123209100530
501.219056166220
500.480266551221
502.299611038600
501.254148037030
501.969012406281
500.922539023936
501.373226036932
499.010441483589
501.743742338548
501.208184534716
498.733894133394
501.689175346282
499.948597379759
498.565126156173
500.961958061963
497.108329402792
500.336171218316
497.968107841356
499.395378642736
499.914547774768
499.371871571449
499.605930039748
501.028265452346
500.377548530825
503.064331169309
500.012545141211
499.706006748803
500.144636094144
499.455515346802
500.657494131162
499.917460492406
499.203994202334
500.027386884653
500.151354687726
499.566587764508
499.205044237354
501.229585731961
502.125125681939
500.204529322673
501.616059470108
496.867493392362
499.012146436421
495.907795024210
500.832030139689
500.915637368847
499.885509156246
501.830939088667
499.390953463990
501.057331847293
498.712741318718
500.059858838184
503.047094768400
499.969148886635
498.822909073695
498.564274970282
501.280384889646
499.095139549159
500.150843865908
500.043178184503
501.219104923554
499.516977088953
500.183032445400
499.385691110803
499.833222039780
500.480673077749
498.470488355322
500.677938987928
500.723154111741
500.418248888750
500.926975735622
498.611160256649
498.579244072305
501.143624520639
499.826351470096
502.242085318505
500.900244875114
499.100844978526
499.545087875069
501.120699951370
498.950606394311
501.610523169420
498.930381389654
498.595832873277
499.010616304110
498.739103935379
500.691298630898
503.223365080417
501.928273741975
499.618605846511
499.109971594563
501.283978189712
499.225303460232
499.721719843036
499.632643672788
501.955005198710
500.384602293301
501.301329392510
498.428899837714
500.850638847400
499.131820483484
499.464336516977
498.193835940565
499.396717979521
500.690576737310
501.067990012251
498.816643424276
501.372631250079
499.546470914298
498.882695113242
499.712313665423
499.786253942556
501.376152514288
499.732655896432
501.212390493615
500.624835665013
496.450574961431
497.429096746979
500.382585454740
500.278674320835
499.678330234697
499.490109545861
499.603495489452
497.948375998404
500.098987868538
500.257142863996
498.345451578755
499.496676122422
501.152814953858
500.582738316891
500.255271902789
500.485725780425
500.455193547405
500.490072771423
499.320524462028
500.816789851490
499.132506883114
500.381529963281
499.946100430563
500.870793239576
501.343707225072
500.237417860389
499.757532515583
500.318903893544
501.694539384162
501.138991206846
499.763550216630
500.078841479047
501.762320312141
499.811843461835
500.213031357365
498.238680676413
499.230738069420
499.109892158162
499.669310874990
499.093799100595
498.408116610278
500.128465832136
499.477943123925
501.429905672157
499.769523308593
501.208635734370
499.705608311560
498.612327424186
498.826097601966
498.337074279248
501.591791945207
502.521266737984
500.782761153939
498.420442783315
498.461491065102
501.332456460340
498.978311459697
499.748794497378
501.266806666925
499.738217048030
500.417470050089
501.791167344903
500.651636057234
499.284855736248
499.993932622862
500.623191453631
498.559370461867
499.183407814643
500.881546349043
500.733665490949
499.229209446624
500.154172736574
502.010698147287
498.306477069101
499.025694671740
500.086086651013
496.726625176107
501.568084483803
500.203808891748
498.636044552815
501.359444440012
501.222323838489
500.389992090426
498.231790585407
500.048220793513
497.992283192322
500.175813081488
502.500595952819
500.704666116961
502.123536205099
498.287828111851
498.587849569321
499.308960675529
500.565700162494
499.824345918302
501.448460021928
499.929665759940
499.464527268134
498.291896781801
500.936260661808
499.422649557987
502.438971611360
500.857982644303
499.643418727821
499.648085712475
499.022650722961
499.911737993858
498.543755976162
498.987498692858
501.051470737923
499.662095785397
499.390653048957
501.861594722637
498.767081194727
497.675974322218
499.743785482880
500.645615786470
499.742197197404
497.225699696867
499.571207489231
500.319360784673
499.289894847302
500.521698828379
498.547649226598
499.712230246391
499.943938559012
497.034730058277
499.280895846285
500.962592481482
500.675913853007
500.233088423153
500.796558102516
500.017411419622
500.180323151351
499.156933396542
499.820569810418
500.023523383063
500.064908973441
501.119261140171
502.746613839853
500.410640010794
501.852198027636
499.377417062007
498.421426956949
499.254435479378
499.510428832674
502.154682988122
499.867193533048
499.132497813943
501.551726091921
499.787984545478
498.862467052468
499.145584883921
498.010490876037
502.056551221230
500.668618523586
500.392000612227
500.135229091036
497.869668143422
497.725896400690
500.240676867340
500.726968797715
499.978399234767
497.661473507696
499.839659544287
499.533781660626
496.988770701894
500.723468606447
498.457874694916
500.254539160562
499.837176419819
501.710961636852
499.861763192029
499.843537811057
500.647436666413
501.122167515339
500.411711838053
499.301906175981
498.288819384480
502.740292301945
500.041192339591
499.096566042733
500.277710922135
499.015422180828
502.802052908689
500.689006863518
500.975862253831
498.920372304411
501.374660649101
500.041187620401
501.648444056572
500.205073583845
501.246959035506
499.440231677248
499.949717109110
498.984327631474
499.229169960185
498.242354993596
500.338569786332
499.530729137431
499.705279754710
501.040806232664
499.986901986507
497.204338729000
501.909676504554
500.066031377689
500.445539922556
498.722079294246
499.635666073382
497.932303804949
499.062306556126
497.025010508792
501.656922743013
500.535287071822
498.895204364151
500.783740841200
499.569595357043
499.169849422111
498.997882388826
498.958039009854
500.185882648095
498.631541870529
501.073828247087
497.839571761842
501.533182990744
499.648649660553
501.387348350015
499.659493707997
499.538539397026
498.369994018901
498.574243510141
499.383307156076
499.844519997077
500.408467148905
500.849566409911
501.962022051470
501.192298859906
499.848056136362
500.042632721660
500.156412209184
500.436411936537
497.453774337464
499.627891768098
500.926368645275
500.120082098831
498.856329544369
500.099677055981
498.175059963135
499.750567296959
500.764596901300
500.041591319257
497.438775055685
502.338277340407
500.361518389034
501.587941857188
499.904818235009
500.165127968825
499.526962056121
497.402482467749
499.275605630602
498.274947902720
502.214876831095
500.724997486338
500.941234040637
499.282716881150
498.921323966276
501.023939016841
498.350028621052
501.743497131539
500.010954789975
498.814614019486
497.478053372836
501.287391709149
500.399844585692
497.416934044302
503.090650338836
498.512454859747
498.994024423165
498.065260660190
501.648044188758
500.943315419445
500.800743421795
500.815927108307
497.865819300554
502.341624291461
501.886259514764
500.482384680651
500.309790742453
500.502576695234
497.793369356439
498.836727881456
501.060160884818
500.438844679359
500.071435116374
501.247489452598
500.224758125700
500.814238020160
500.564667441093
500.055589823476
500.161411931313
498.841795952415
499.812272118237
498.950428624267
500.552860493797
499.240486251857
498.887932989290
499.083634785033
498.528678407085
501.173823299478
501.175803434058
499.375400946941
498.625482554955
498.650386076920
499.314833545720
499.205391294738
500.484463491679
498.329800447785
501.904234634760
500.383585677442
498.807235234823
499.923452017017
499.105196125498
499.328429955764
498.622444863797
499.281420554885
500.632754422448
501.229425837744
502.403866446646
498.315810335343
500.785867349248
499.147087636738
498.029558529504
500.860436304009
497.639983128684
498.872316228783
501.329910615154
499.109403216931
499.019384083791
500.632217726586
500.971541430532
499.720686351415
501.295267065273
497.954287581104
498.584918193037
498.945406245187
499.313620930657
500.988923023387
499.797763798375
500.137002591599
498.070966023870
499.673476913895
499.092164090568
502.441236225161
500.271200229639
500.837282756381
500.322740669125
501.665449168406
500.217299575065
500.939126569806
499.483607204323
500.434074573202
501.103654997636
501.643925456067
501.477209503848
499.149957685472
500.117887587786
500.119668884453
501.239306245164
499.181608534304
498.871288738155
500.168168072354
500.350327136963
501.576105459499
501.332654479291
497.716848622635
502.310627206955
500.864911437544
500.854960397374
500.444777757553
499.731505035400
500.736842453393
499.097865775207
500.715401654421
499.995341870046
499.961190451649
500.538173290969
501.435365265318
499.709090161134
500.731615529358
498.249269045567
498.840118353359
498.380804051396
499.204442539916
502.307907278542
501.067264801811
499.803583616645
501.943770275206
499.273614036988
498.903326930145
502.894293854598
501.689999489031
502.645398709405
499.498219758769
500.048555197489
498.891267647088
498.810734402873
499.900876232467
498.578081088799
503.323516665347
499.796300643416
501.750311647856
497.687120046863
498.805476357193
498.644491394470
501.716635006812
496.952943209515
501.879815131804
500.888918825541
498.858673506977
500.344151419676
501.506926184824
501.334338069558
498.298430506442
498.027142594814
500.825367041574
497.252213496141
499.278009093693
498.033260550510
502.265165902501
500.815590505802
500.552894412810
498.838537097160
497.884229475423
500.701983733346
501.104686210027
498.381560007675
498.323520547137
498.190763364402
499.833824012166
502.275947730584
497.541564844775
498.804707117041
499.287282847228
502.437634099028
500.783402740279
500.411152643961
497.832819011185
499.578480877566
500.412429596026
499.052651884596
500.552369596798
501.640100457722
500.715035248040
499.923564800445
500.582282156809
500.292503180192
498.862973904918
500.687723996672
499.704017661135
500.461921753288
498.680644101976
500.141544703042
500.841041752758
500.357367444279
503.080545183010
501.026710849799
498.384462538984
501.255986140083
500.352635623400
499.034845555261
496.848907786389
502.040202975139
500.762243386454
500.269981779529
500.497194248069
498.790681106506
499.445109689646
501.104899250887
500.147867386620
499.607840482765
500.753922731772
498.827848896937
499.251097785804
498.230694460254
499.566942509261
500.691911729798
500.655601357727
498.922781479855
499.295889169629
497.030432230247
497.967219353768
499.898878153524
501.579539224272
501.401855462390
500.603024086871
499.377938053345
499.467477639248
499.705891763779
501.392267539712
500.471444942261
499.977354197442
499.461447725081
501.469037584185
500.639850169111
499.335157172266
500.327203261847
500.824194356313
498.256478165823
500.049335321509
500.773885012698
498.870065966715
500.274375802052
499.081546927037
499.414001805506
500.418914328613
500.593692808225
501.328666013750
498.802800030153
499.310920235644
497.838202757077
499.793660233607
499.513481965979
500.817714210438
499.730426530408
499.387874807698
499.426188578035
500.986680287292
500.572046786219
498.824180573571
498.291690453047
500.928482738260
500.790895043750
501.266075050649
499.761919896112
501.749452203667
500.296354329084
498.067803782888
502.106257431527
499.908553253098
499.313448860511
500.301683465677
500.989964531077
498.132516309253
501.144715614307
498.076754773103
500.820646795626
498.700893534630
498.984147739652
499.436337062378
496.959788340901
500.485006912014
500.672195185464
499.484451997655
498.593560237997
501.492966866279
499.973921731750
501.776474009485
499.503622648570
501.111142300660
500.518922832926
499.724148785945
500.686489491362
500.540526454649
499.605751896700
503.294694024016
500.801416823240
500.663571093338
501.579642397811
499.818170039336
503.038584553474
499.058834088416
501.331739372317
500.256485536942
498.618976934939
500.153119217705
499.382980945117
501.047337503655
501.076432333981
498.843750034861
501.434049469493
500.754984252398
500.168559913648
500.024263690738
500.453595703329
498.990164913456
501.500240015254
500.625539159437
500.919897588219
498.799884973764
500.663917768933
497.540956687457
501.077981944827
500.803326498356
499.697292837158
501.310663421311
501.371329686062
501.411896519530
500.938143310461
499.994033794875
499.580773548026
500.532603610009
500.348964501836
500.593654119568
499.167689586447
500.100469975259
499.471969184562
500.553566615717
498.824534578808
500.310147931044
500.833814815458
500.571902428498
500.738252645830
500.882700568427
501.269943025179
498.807511719351
501.694441172524
501.540775520383
500.032855683739
501.161790318241
500.874550368320
499.907259099617
499.008382473740
496.350635152845
501.350533049362
498.263165863182
500.964133255400
500.739446664041
503.252198868426
501.194134259496
501.119455732569
499.581058341720
500.626287763265
501.090185604431
497.467164922891
499.833332287186
502.530337651943
500.386785914066
499.333135744483
500.746298745988
502.195261346079
501.887365226138
498.014171689325
501.370848773227
502.133008152845
500.840851985796
498.701911669028
499.499720665676
501.210278016238
500.482263254685
498.376796877857
498.851543218434
499.524319611399
499.969058390624
503.121371627098
499.771208938930
499.993763822663
498.793394977292
498.982199232870
498.980458541906
500.444976064635
499.200100294135
499.550405906314
498.691515564856
501.684495610944
500.080449331716
501.003093377339
499.126637060007
500.140734559640
500.560536790039
501.366969546242
499.274936218836
499.996637943534
498.352511794349
501.248450482586
500.866022630505
500.206020055304
499.929784837856
499.026658120769
499.406365847656
500.615044778939
499.517681325834
500.200729192063
501.615754803168
500.226643727493
499.261397288935
498.019241305072
499.123889071831
499.060865021320
499.522955889230
501.484417812153
500.420841321444
500.901341331846
500.392474045792
499.477381020851
499.598465208937
500.456088777018
499.761863656114
500.053975891750
499.603923306936
499.244599946636
499.657561759293
498.948712136962
498.668679840046
500.210117668966
502.888591097376
499.912539808698
500.353042211806
501.000162771828
499.340208685302
500.101098025156
501.340268857190
500.062793979646
499.726672383067
502.146704247641
499.460588941998
500.614663077776
499.216518769327
499.372876077609
499.538055171822
499.821473139351
500.553841509420
497.472307276604
499.355605456731
498.703384356558
500.523909804340
500.930128814703
499.460143067744
498.900379743185
497.722925064094
499.194696911601
501.045749584133
501.174240223687
497.872071440715
501.335999600220
499.856142569799
497.868003385838
501.296479364818
502.535821604050
497.906089218586
498.720729280714
500.146726094337
501.002854642933
501.830621033925
499.483025410356
498.722632576019
498.847143361513
500.288554262346
498.945321360569
499.606854984459
501.386435678850
501.992930098583
499.212035576077
500.001892135597
499.551400910820
500.394280861543
501.028234070530
500.193826425308
501.322168760875
499.578267261780
498.609720161319
499.249659942344
501.958195351939
500.944835340829
500.916006384628
498.978674321208
499.629961542843
497.969840903951
499.880446729714
501.117590734050
502.276579305323
498.151565911179
500.245966581727
499.457427621146
498.270498190776
500.358013877725
501.529439872815
500.766532509737
499.171086484125
500.391155727491
499.881240906452
499.882142190361
499.271075516011
499.969494706494
500.286594757259
501.810598367924
501.448316337925
497.892276992357
499.837762674846
500.657686486685
500.088173828485
499.552906341179
499.448393387889
501.986169825426
498.855095938838
500.209585281923
500.406050023507
500.984306725217
501.617876037251
501.639595941213
502.047890278050
500.095228315168
498.369295256773
501.057050885629
498.858961571318
500.468379922104
500.171410378086
496.707450745846
501.422154969597
499.853337267778
500.523719978535
498.731008295063
499.225006796783
496.263784121232
498.894278481511
499.449702393670
500.842092846221
498.889154402640
498.525960772298
500.408375832407
500.580892220088
499.413540431550
499.999819962963
500.173441825936
500.353843000134
499.918222598293
499.492608519724
498.367905144130
500.481347980906
499.825174053039
497.643410867941
499.868069364404
498.323874702492
498.592781141811
501.632647535686
501.482604531784
502.062856977842
500.096272324709
500.603351200385
502.995261688328
499.972647755646
501.114162868152
499.459795430040
500.316034382990
501.280634398875
498.520717315674
497.798573458914
497.499721123023
501.891276659874
502.136600727426
501.459543487386
501.427313160690
498.907668435343
499.011669500656
499.012244759648
501.468359436747
501.866170640277
499.738070445966
498.400385471476
500.426936538243
501.459539657117
500.293409703140
498.401640403688
499.211688567428
501.637691066966
500.512717114453
498.725540618386
498.928395893636
499.256575193153
500.196608451310
499.763216748568
501.702207495664
499.423967060240
500.037903903538
498.411106707056
499.022896915399
499.064684946601
500.085809963965
500.440003117763
500.391511076508
501.253164768634
499.408569822273
499.021016280357
503.431755457001
499.974425513139
498.021946366254
499.114157928376
500.814028957089
500.042420967493
501.570319232783
500.497035063849
500.795981616008
500.382951618841
499.684110112568
502.381540292937
500.971429245953
500.701041091940
499.076333204351
497.833372573063
496.535464455106
498.668392279835
499.974142461922
500.047866741949
499.890018204774
499.200724540829
500.129198659243
500.194000314613
499.901579158139
499.195798579562
499.406940904809
498.911700006994
500.948651320607
497.285082036265
498.906315515073
499.237367957590
498.380383141787
499.843843252402
498.671307193148
498.591178691613
499.859528398692
501.607143552147
501.139933028784
500.795679762658
499.225764303975
498.972865027088
500.494265086851
498.582123407967
498.877390989642
498.453975157268
502.250983331985
501.708250087176
499.329231439603
500.773439895252
501.671863625482
499.709831622978
498.233494106541
499.050266373824
499.176951728082
501.117081608612
496.100480345833
499.667127766960
500.019073337348
499.204621524398
500.370134130124
499.120716340267
503.021214524994
500.664959646284
500.391575542908
499.252202099637
499.710307633135
499.156365002862
500.034546957872
500.839299306176
503.018437187832
499.566407543397
498.491306832943
499.865791385359
497.046403065025
499.487290767054
499.936285197004
500.041824160892
499.660064562041
501.768418816442
500.582328435482
499.231039805787
500.183638167886
502.187634098880
501.548014309976
499.904473495281
501.356584775157
499.517239620891
500.071706339556
500.825619737969
501.662025941657
500.752915293318
501.004595411009
500.354895394434
500.247799463648
501.051475286033
499.716355916034
500.164594059163
500.424475571920
497.241755372135
498.649493623615
498.658180812407
499.664112773790
500.925021511849
500.650215250033
500.725499238990
498.467052680459
498.200375356996
497.441300639375
501.996465474787
500.573226238050
497.671349510560
501.700153208679
499.115217173078
501.147252289130
499.989087440350
501.452826658987
498.816808402401
499.484872411220
501.510823771143
500.579370813482
499.727656404304
501.036348377811
501.698454466960
501.134903667835
498.973055949344
501.132901743135
497.959753105411
499.784331690142
498.105182362383
499.762674309321
500.202786704771
501.186698392814
502.177617369965
500.889530653427
499.094976549385
500.568026712418
501.569712855524
501.587277124318
498.716523203486
498.833455044678
503.074969254183
500.114534062887
500.047048876742
501.030621366778
499.560507983864
498.727340852262
501.356129998717
498.248679365172
501.986824883373
500.703710923670
498.585588455176
499.863494954798
502.435935055939
499.413128108388
497.462467671334
501.442666761293
499.646103957315
498.180380971720
499.006838577522
500.415223791010
498.921631925799
498.702903237334
499.250903252376
499.954705680810
499.812728617929
501.281085604339
499.568609059327
503.197042260992
502.124273893823
499.468233161982
501.222888022177
501.177696655536
499.697941442554
499.346635346740
500.027848317733
499.577695291915
499.191300052820
499.331651634769
499.666535991401
500.487149298008
500.709963051519
498.163326004010
500.748395807303
500.425573866434
499.697042060721
499.793656795639
500.072173248636
500.442310785128
499.387344100575
498.750412281186
499.501639656587
497.635172696022
499.026655421195
500.678243132586
500.454731119208
498.930146290024
499.819860859572
499.969976572383
499.949058584066
500.982213481028
498.194757779062
499.356164761104
498.094302311676
502.702720167257
500.711711483859
499.108195843664
499.153576670264
499.628934459928
500.644639372504
499.144641911446
500.170972470699
500.785317236400
500.915749145590
500.849179344006
500.076723112173
499.110601626595
497.992425483880
499.018153523718
499.380209623770
499.864028619725
501.273315587602
500.764130302146
496.472458181016
500.936620247600
500.866954774684
501.767809655340
501.512512868447
501.287933026247
496.007055904276
501.182770873512
498.080895919337
500.997203253003
498.731097265719
499.777679365178
501.485428363343
498.452701940483
498.380343123094
501.358346291976
500.404426599068
500.247231706663
500.208385545965
499.804070510823
499.348021758005
500.209462372402
502.127553658265
498.980232351923
499.962375281928
500.377092024346
499.379332938062
500.998579831913
500.413609268896
501.812062409715
500.899097380488
500.295690260834
501.544064119119
500.392147332744
502.589556857677
499.078296696168
501.498858614014
498.635861049004
499.700288041075
499.046533635574
498.916595231561
499.498940578107
500.853581796691
500.059143171311
500.599288411001
501.124333066803
497.955396796814
499.302921355334
502.322414300936
501.212313416152
499.999410825320
499.255691429248
500.355853090575
502.832577568041
500.374241981312
497.159881096281
501.063475034212
501.217325403861
499.928208558738
498.901351194444
497.646934775984
497.965771803591
497.943442190619
501.384389464390
501.441004447396
500.159332447770
499.064455517519
499.228521231180
498.547845176563
498.184804341683
503.034583192416
499.772269570757
500.018403187414
498.589860057956
501.550229523138
502.179805339332
499.965849316035
499.701161383410
498.448814638200
502.051100030125
501.002229523367
498.343100966037
500.265903346881
498.028566592331
500.514326809223
501.594085241643
497.494456396154
497.977786278156
499.880259105860
501.257621930695
498.762026782126
497.736285856635
500.336906384278
499.773566811187
499.572152674616
499.001101813595
498.873582292604
500.321320576800
499.016863654603
501.785495609083
499.715326544495
500.024085227164
501.919134435740
498.797054294962
502.638341409426
498.138014812177
500.772479115141
497.669765774559
499.023960974211
499.343960642003
497.858339515388
501.230676074592
499.246309188991
500.164157746996
500.111836533140
500.483927401032
502.101363107815
501.842709565502
500.837282539890
500.977275451279
499.478273482695
500.901848054513
500.585677577258
499.551866295491
500.281849242815
500.649672737130
499.109811994409
498.331784471841
498.979186716701
501.328729282519
500.601781665035
500.162632011352
498.859548499080
500.530331284455
500.211582314458
500.556148090037
499.446528252194
499.362461769197
498.516615586385
500.771212244849
499.468678798098
499.109695244741
500.362549216119
499.391103553005
498.454440745016
502.926308676713
501.841841224181
498.161893476405
498.657574642228
500.764481604333
500.686600069422
501.178606904432
499.223356921813
499.252871049818
498.916517986531
500.479990267316
500.729776938013
