500.956080000000
499.638690000000
498.908080000000
498.988160000000
498.210090000000
499.098730000000
499.720280000000
499.847600000000
499.479630000000
500.661910000000
499.892410000000
498.431670000000
499.806130000000
499.308340000000
498.166560000000
498.937070000000
499.970770000000
501.378910000000
499.596730000000
499.500070000000
498.849170000000
499.823200000000
499.620750000000
499.564530000000
499.566350000000
498.526680000000
499.008040000000
498.288190000000
499.298280000000
498.760760000000
499.457390000000
499.412620000000
498.794030000000
499.079940000000
498.924470000000
498.962060000000
499.536470000000
500.239320000000
500.709670000000
500.230060000000
499.351020000000
499.210760000000
499.154060000000
499.511310000000
499.572260000000
500.332260000000
499.259800000000
499.342430000000
499.931930000000
499.776650000000
498.884600000000
499.451050000000
499.538490000000
499.891930000000
499.349090000000
499.830590000000
500.803830000000
500.015710000000
499.196300000000
499.037770000000
500.578230000000
501.036400000000
500.185360000000
499.361160000000
499.421600000000
499.389470000000
498.704490000000
498.421700000000
498.899860000000
499.190200000000
499.876990000000
500.194070000000
498.580520000000
499.354190000000
498.818320000000
498.427760000000
498.575780000000
499.586660000000
499.844930000000
500.423710000000
500.421670000000
500.640470000000
500.368570000000
501.268650000000
500.504370000000
499.822930000000
499.627230000000
500.217070000000
500.374160000000
502.102510000000
501.475570000000
500.703150000000
501.214710000000
500.644770000000
500.565670000000
500.212400000000
500.140980000000
500.495880000000
500.253020000000
499.973950000000
500.307380000000
500.248740000000
500.161920000000
499.473180000000
499.918390000000
501.422970000000
500.043280000000
499.267560000000
499.611290000000
499.249350000000
499.136790000000
500.305230000000
499.535300000000
499.588950000000
499.503430000000
499.248640000000
499.675820000000
500.353750000000
500.877930000000
501.005950000000
501.029030000000
500.346410000000
500.742550000000
501.672880000000
500.456880000000
500.903860000000
499.600140000000
499.387060000000
498.792180000000
499.074600000000
498.580770000000
499.021040000000
499.228220000000
498.735570000000
499.059630000000
499.717420000000
499.289520000000
499.547910000000
500.143750000000
500.821740000000
500.485210000000
500.308070000000
499.568960000000
498.958730000000
498.703550000000
499.329710000000
499.557950000000
498.275710000000
498.989940000000
500.077420000000
498.412690000000
498.034890000000
499.402920000000
499.855820000000
498.932280000000
499.414430000000
499.084490000000
497.784820000000
498.387130000000
498.733520000000
500.123720000000
499.838670000000
498.854600000000
498.673650000000
498.569670000000
498.947210000000
499.999850000000
499.475570000000
498.994190000000
497.670180000000
498.863760000000
499.855240000000
499.923370000000
499.527130000000
499.633490000000
499.739050000000
500.138670000000
498.746900000000
499.096740000000
500.105960000000
499.613840000000
499.386300000000
499.978590000000
499.966450000000
500.371700000000
500.183870000000
501.250600000000
499.969180000000
500.100020000000
500.126430000000
499.218260000000
499.297840000000
500.681500000000
500.721180000000
501.214290000000
502.021490000000
500.788620000000
499.895600000000
500.421030000000
499.753840000000
499.232530000000
499.151560000000
498.746850000000
498.782650000000
499.035400000000
499.067530000000
498.328030000000
497.818020000000
499.159710000000
498.420160000000
499.048760000000
499.477810000000
499.836330000000
497.925550000000
497.648690000000
498.114060000000
498.302560000000
498.781560000000
498.345010000000
498.925150000000
499.990710000000
500.279170000000
498.948070000000
498.334590000000
498.742220000000
498.413680000000
498.271800000000
498.536930000000
499.874590000000
499.822990000000
499.770810000000
499.276430000000
499.298480000000
498.725030000000
499.141570000000
497.775380000000
499.722640000000
498.261510000000
497.691450000000
499.185780000000
499.136090000000
499.024910000000
498.005360000000
498.342630000000
498.143910000000
497.826220000000
497.673280000000
497.284540000000
498.048020000000
499.686010000000
498.663820000000
498.952200000000
499.204220000000
497.904930000000
498.679800000000
498.665410000000
498.003150000000
499.458860000000
498.644790000000
499.162630000000
500.059210000000
498.821300000000
498.522250000000
497.759680000000
498.185980000000
498.028620000000
499.280140000000
499.450520000000
499.233500000000
499.340460000000
499.773930000000
499.581830000000
499.764340000000
498.904490000000
499.037510000000
500.309440000000
499.652050000000
499.070200000000
499.242850000000
498.870910000000
498.420530000000
499.915230000000
499.472330000000
499.070990000000
498.799980000000
499.457720000000
499.153980000000
499.201550000000
499.055360000000
499.610320000000
499.799410000000
499.238980000000
499.193270000000
499.311560000000
498.315980000000
498.923090000000
498.261510000000
499.109750000000
499.302900000000
499.310000000000
499.955180000000
498.635580000000
498.488800000000
498.284050000000
498.595340000000
498.379310000000
498.529540000000
498.074790000000
498.930150000000
498.280800000000
499.191660000000
499.694290000000
499.122150000000
499.862250000000
499.308520000000
497.684500000000
499.099730000000
498.581070000000
499.194440000000
499.038940000000
500.641830000000
500.531640000000
501.035660000000
500.733500000000
500.512890000000
499.654390000000
499.172260000000
498.042310000000
499.436490000000
500.018990000000
500.071700000000
498.822000000000
498.524590000000
498.789410000000
499.331100000000
499.564540000000
500.233680000000
500.701210000000
500.099490000000
499.849820000000
499.541440000000
498.614750000000
498.848290000000
498.365450000000
498.433630000000
499.104320000000
498.853000000000
499.104900000000
499.148030000000
499.253210000000
500.206880000000
500.411610000000
499.907300000000
500.358180000000
499.908050000000
499.566100000000
499.976360000000
499.795480000000
498.456040000000
500.391500000000
499.816630000000
499.660240000000
500.386890000000
499.916310000000
500.210800000000
499.429500000000
500.504480000000
499.173710000000
499.379500000000
499.837210000000
500.348640000000
498.892620000000
499.785520000000
500.911230000000
500.346640000000
500.896340000000
499.805700000000
500.443130000000
500.113370000000
499.331260000000
499.183770000000
500.445230000000
499.559250000000
498.890310000000
499.216760000000
499.420740000000
499.933300000000
501.086840000000
500.348560000000
500.383140000000
501.717400000000
500.637610000000
500.183010000000
500.532060000000
500.260850000000
500.423560000000
500.385770000000
500.669890000000
499.976800000000
500.810810000000
500.408580000000
499.186100000000
500.809250000000
499.916540000000
500.528540000000
499.528490000000
499.163150000000
499.696310000000
499.495980000000
500.039560000000
499.857270000000
500.081400000000
498.804320000000
499.920190000000
500.679020000000
499.862780000000
501.118260000000
499.182020000000
500.374880000000
500.047390000000
500.514780000000
500.571010000000
499.015160000000
499.380850000000
499.654860000000
500.812070000000
500.149190000000
500.401170000000
500.492610000000
499.536820000000
499.411040000000
499.609750000000
499.984650000000
501.326500000000
501.959420000000
500.843680000000
501.136830000000
500.094160000000
499.424910000000
499.749700000000
500.794930000000
500.856980000000
500.380610000000
499.688930000000
499.069060000000
500.747180000000
500.601220000000
500.573570000000
500.764640000000
499.636910000000
499.679950000000
500.381280000000
500.348720000000
500.791790000000
500.329400000000
500.387110000000
500.567010000000
499.982560000000
501.724140000000
501.322190000000
500.815010000000
500.562900000000
500.980270000000
500.873150000000
500.624050000000
501.141140000000
500.695610000000
500.208360000000
500.235480000000
500.585760000000
500.106420000000
499.620800000000
499.990850000000
499.882780000000
499.592020000000
499.838060000000
500.005690000000
499.705940000000
501.317450000000
500.813950000000
499.797590000000
500.283790000000
500.926890000000
500.335870000000
501.001790000000
501.671890000000
501.848070000000
501.103160000000
500.318200000000
501.392240000000
501.689020000000
500.770990000000
500.469200000000
499.459170000000
500.753780000000
501.148860000000
500.761480000000
500.439870000000
499.735530000000
500.838490000000
501.079950000000
500.728380000000
500.311950000000
499.290190000000
500.437230000000
500.447990000000
500.633770000000
501.512540000000
500.418410000000
501.087070000000
500.667720000000
500.632460000000
500.433230000000
499.358720000000
499.308110000000
499.994950000000
499.874340000000
499.505930000000
499.866140000000
500.530050000000
500.203290000000
499.209890000000
499.929100000000
500.377940000000
499.713460000000
500.491440000000
500.587650000000
499.666060000000
501.307150000000
500.005750000000
500.200220000000
501.475530000000
501.424940000000
501.126580000000
500.191180000000
499.913360000000
500.243000000000
501.210180000000
500.657600000000
500.520820000000
500.938630000000
501.343450000000
499.469110000000
499.934090000000
499.791210000000
499.359930000000
499.791490000000
501.432870000000
500.111710000000
499.626390000000
499.707960000000
499.977440000000
500.551120000000
501.475160000000
500.761350000000
499.999900000000
500.942720000000
500.654950000000
500.407730000000
500.190870000000
499.283990000000
500.187170000000
500.115470000000
499.443530000000
500.258760000000
498.985940000000
498.919300000000
499.321090000000
499.223040000000
499.037020000000
498.927060000000
499.232600000000
499.240700000000
498.975930000000
498.673990000000
498.582010000000
498.350730000000
497.889440000000
498.636190000000
498.612600000000
498.066310000000
498.702430000000
498.974810000000
498.143920000000
498.861860000000
498.473450000000
498.829640000000
499.241870000000
498.305310000000
498.149700000000
499.519260000000
499.110580000000
499.081150000000
498.159840000000
499.144770000000
499.096240000000
498.951360000000
500.091930000000
499.846020000000
498.685800000000
498.658930000000
498.924910000000
498.226470000000
498.043580000000
498.957710000000
498.034910000000
499.533120000000
500.198490000000
500.643580000000
500.117640000000
499.957330000000
500.584440000000
500.030550000000
499.559340000000
500.427060000000
500.754440000000
500.113860000000
500.148670000000
499.920630000000
500.263290000000
500.486210000000
500.743160000000
501.025060000000
500.060920000000
500.334950000000
501.200950000000
500.714280000000
499.894250000000
500.150090000000
499.997240000000
500.459130000000
499.245910000000
500.139340000000
500.217960000000
498.307460000000
498.056470000000
499.172650000000
500.693740000000
500.254750000000
499.394400000000
498.679770000000
499.791100000000
497.793080000000
498.522300000000
499.279050000000
499.049980000000
499.102020000000
498.360390000000
498.780970000000
498.245640000000
498.103250000000
498.560040000000
498.553530000000
498.022880000000
498.236770000000
498.968670000000
498.383120000000
498.798330000000
499.384440000000
499.517370000000
498.861430000000
500.035850000000
500.354320000000
500.076940000000
499.451380000000
499.592920000000
499.295780000000
499.348850000000
498.965530000000
500.269330000000
499.138810000000
499.697910000000
499.585740000000
499.089180000000
499.364310000000
499.744600000000
500.046400000000
500.381950000000
499.627380000000
500.365370000000
499.955260000000
499.368610000000
499.454230000000
499.078640000000
499.479170000000
499.069690000000
497.845640000000
498.891830000000
498.792660000000
498.920900000000
498.367070000000
498.150730000000
499.015000000000
499.160390000000
499.620050000000
500.402640000000
500.394320000000
499.812480000000
499.506750000000
498.822000000000
499.335880000000
499.706130000000
497.543730000000
498.358370000000
497.836470000000
497.797570000000
498.249750000000
498.576650000000
497.824710000000
497.419890000000
499.024400000000
498.624580000000
498.374640000000
499.287050000000
500.140160000000
499.683790000000
498.049010000000
497.917690000000
498.458470000000
499.265260000000
499.241880000000
498.860320000000
498.296070000000
498.109880000000
498.308410000000
498.641220000000
498.981750000000
498.355320000000
498.650950000000
498.610120000000
499.699490000000
500.357020000000
499.895420000000
498.961290000000
497.861900000000
497.929140000000
497.846780000000
498.664240000000
497.578480000000
497.731690000000
497.169790000000
497.952810000000
497.766810000000
497.415130000000
497.222360000000
498.319250000000
499.153000000000
498.367030000000
498.634600000000
498.584890000000
497.740140000000
497.975610000000
497.892360000000
498.471700000000
498.311660000000
498.838660000000
498.245880000000
497.884570000000
498.045870000000
498.693290000000
498.801650000000
499.224080000000
498.456350000000
499.164490000000
499.079680000000
499.112590000000
498.906080000000
498.619880000000
497.894530000000
498.412640000000
499.170400000000
499.803670000000
500.237070000000
500.476960000000
499.091260000000
500.198150000000
500.090790000000
499.943010000000
499.914540000000
500.380740000000
500.061590000000
499.731320000000
500.312460000000
500.037900000000
499.684220000000
500.326410000000
500.002330000000
499.689780000000
500.717870000000
500.330700000000
500.525790000000
500.979310000000
500.593370000000
499.075170000000
499.372210000000
499.902300000000
500.381070000000
498.750640000000
499.212110000000
499.666120000000
499.268320000000
498.875950000000
498.484540000000
499.460400000000
500.436210000000
498.726710000000
498.086370000000
498.505960000000
499.484560000000
498.765840000000
498.773360000000
499.565060000000
499.612610000000
499.111350000000
499.825010000000
499.510550000000
499.262480000000
500.354710000000
499.569060000000
498.688360000000
498.582840000000
498.807880000000
500.099210000000
499.997970000000
499.287140000000
499.701860000000
499.970340000000
500.343110000000
500.297570000000
500.242080000000
500.243140000000
500.094200000000
498.964160000000
498.581210000000
500.487860000000
499.456960000000
498.733360000000
499.673610000000
498.718900000000
498.929990000000
499.284990000000
500.074180000000
500.270970000000
501.433230000000
500.938110000000
500.430260000000
501.422560000000
501.565970000000
501.302580000000
500.428660000000
501.118050000000
500.701860000000
499.322700000000
500.138440000000
499.580340000000
499.668290000000
499.757040000000
499.833700000000
499.772960000000
500.062200000000
500.110970000000
499.226120000000
499.536230000000
498.408720000000
499.352050000000
499.371230000000
500.527650000000
500.283810000000
499.631440000000
500.106830000000
502.183970000000
500.304550000000
499.673880000000
500.778720000000
501.108650000000
501.812340000000
499.883520000000
500.935630000000
500.720110000000
500.403930000000
501.280470000000
500.251580000000
500.055820000000
499.551210000000
499.781370000000
500.046390000000
498.296250000000
498.637160000000
498.866000000000
498.927540000000
500.026750000000
499.453270000000
499.797210000000
499.008760000000
500.713960000000
501.073310000000
499.341530000000
500.230670000000
499.612020000000
500.482100000000
500.183690000000
500.931980000000
501.739520000000
500.414170000000
500.530750000000
500.078740000000
500.828360000000
500.976270000000
500.354570000000
500.905240000000
501.481500000000
500.669070000000
501.481070000000
501.486290000000
500.337950000000
501.010450000000
500.846950000000
501.472810000000
500.654410000000
500.674390000000
500.802260000000
501.317050000000
500.129440000000
499.775570000000
500.092490000000
500.761370000000
500.814060000000
500.943870000000
501.168610000000
500.645090000000
501.392820000000
500.009980000000
499.459940000000
500.349200000000
500.166870000000
500.002700000000
498.731790000000
499.266970000000
499.486610000000
500.382950000000
499.378510000000
499.803570000000
500.397210000000
500.218070000000
499.587300000000
500.383540000000
501.034100000000
499.540020000000
499.500520000000
500.766840000000
501.434820000000
501.498170000000
500.129640000000
499.144590000000
499.772120000000
499.955840000000
499.813660000000
500.346650000000
499.878950000000
498.618320000000
498.831580000000
499.526210000000
499.727940000000
500.110230000000
499.972720000000
500.317810000000
499.105300000000
499.520390000000
500.305040000000
499.320840000000
499.837670000000
500.124610000000
500.397830000000
499.452320000000
499.092300000000
500.696140000000
500.112020000000
499.617150000000
498.876520000000
498.583560000000
498.531400000000
499.471480000000
500.040180000000
500.605960000000
499.307840000000
498.943370000000
498.754940000000
498.178690000000
499.119100000000
498.542020000000
499.870380000000
498.618510000000
500.205570000000
499.431420000000
499.135480000000
498.216860000000
498.481890000000
499.247800000000
499.830240000000
500.408750000000
500.099910000000
499.069110000000
499.407830000000
500.067660000000
500.130710000000
498.967890000000
498.918940000000
498.557430000000
498.759270000000
498.435360000000
499.350090000000
498.755270000000
498.205030000000
498.479860000000
498.966980000000
499.161580000000
499.385220000000
499.431400000000
500.182110000000
500.530450000000
499.924350000000
498.838040000000
499.949420000000
499.961880000000
499.765290000000
499.407010000000
499.697990000000
498.246910000000
499.785690000000
499.650050000000
500.071940000000
499.178030000000
499.552600000000
498.220720000000
498.586670000000
499.017880000000
498.535130000000
500.187760000000
498.851990000000
499.445470000000
499.056310000000
499.752730000000
500.113610000000
499.988940000000
500.056760000000
499.963800000000
500.515370000000
500.311340000000
499.360410000000
500.525530000000
499.747650000000
500.952580000000
501.173720000000
500.108640000000
499.894560000000
499.837790000000
499.078580000000
499.117310000000
499.879190000000
500.081820000000
501.196750000000
500.658130000000
500.177790000000
500.342470000000
499.763130000000
499.667300000000
500.472560000000
501.040290000000
499.103990000000
499.856880000000
500.451800000000
500.515470000000
500.479030000000
499.909580000000
499.113470000000
500.739590000000
500.821410000000
498.861940000000
499.473870000000
499.169280000000
500.065790000000
499.888420000000
500.253650000000
499.316430000000
499.805430000000
499.427140000000
500.259200000000
500.452360000000
501.052230000000
501.555870000000
500.638560000000
501.844070000000
501.559160000000
500.566690000000
501.547700000000
500.708740000000
500.297170000000
500.729060000000
502.050530000000
501.808410000000
501.876030000000
501.127200000000
500.047550000000
500.602100000000
499.605310000000
499.765690000000
499.284030000000
499.512250000000
500.464130000000
499.852590000000
500.183830000000
500.177460000000
499.391550000000
499.672820000000
499.252470000000
499.626640000000
499.558200000000
500.874700000000
499.786410000000
500.657120000000
499.878870000000
499.589370000000
499.065490000000
500.449450000000
499.942100000000
501.210400000000
501.450550000000
499.930640000000
500.223080000000
499.837650000000
500.184700000000
499.981270000000
501.190370000000
501.816410000000
500.399910000000
499.854270000000
499.887690000000
499.054010000000
499.340850000000
500.200860000000
500.833040000000
499.496580000000
500.405460000000
500.776280000000
500.661510000000
499.534000000000
499.263130000000
498.611830000000
499.405000000000
499.555680000000
499.362550000000
499.576740000000
499.942140000000
500.339640000000
500.269540000000
500.366980000000
501.343230000000
500.678720000000
501.093240000000
502.307490000000
501.270100000000
501.238200000000
501.811390000000
501.799670000000
501.209260000000
501.970090000000
500.615390000000
501.110700000000
501.346340000000
500.909800000000
502.023610000000
500.755840000000
501.274990000000
501.529480000000
500.688350000000
501.743200000000
502.255360000000
501.146270000000
500.337410000000
500.862230000000
499.998020000000
500.841330000000
499.857500000000
499.762520000000
500.456780000000
501.045460000000
502.290910000000
500.305930000000
499.996790000000
500.045640000000
501.001270000000
502.134650000000
501.216310000000
500.865340000000
500.327460000000
500.331360000000
500.624720000000
500.685030000000
499.501890000000
499.563860000000
500.973700000000
499.298560000000
501.127380000000
500.601380000000
500.991450000000
501.495150000000
500.585760000000
500.540100000000
500.242090000000
499.970460000000
500.232810000000
500.381900000000
501.129450000000
501.124510000000
501.218130000000
500.792440000000
500.717920000000
500.814220000000
500.301070000000
499.801260000000
500.996200000000
500.508360000000
501.096950000000
500.292020000000
500.673140000000
502.106810000000
500.177810000000
499.842430000000
500.750050000000
501.156730000000
500.350080000000
500.382350000000
500.030300000000
500.986030000000
501.162410000000
501.275940000000
500.833570000000
500.142090000000
499.435560000000
499.886490000000
500.222710000000
500.271710000000
500.074150000000
500.339200000000
500.473550000000
500.761370000000
500.460890000000
500.869580000000
500.762570000000
501.129990000000
500.183940000000
499.732400000000
500.550580000000
500.747500000000
500.303880000000
500.612440000000
499.827300000000
500.828810000000
500.004250000000
500.339510000000
501.004730000000
501.123220000000
501.687400000000
500.833670000000
500.293440000000
499.420660000000
498.581940000000
500.100650000000
500.041890000000
500.446540000000
499.171750000000
500.345690000000
500.014350000000
500.121890000000
500.171520000000
500.141120000000
499.979360000000
499.323900000000
500.383700000000
501.886020000000
500.851990000000
501.031930000000
501.179200000000
500.128800000000
500.066820000000
500.683420000000
499.905310000000
499.939180000000
499.235560000000
500.267530000000
499.401200000000
499.161010000000
499.906360000000
499.442470000000
500.631220000000
501.170440000000
500.868550000000
500.512770000000
500.255800000000
500.805150000000
499.601010000000
500.194710000000
499.491820000000
500.276770000000
500.887480000000
500.897950000000
499.988210000000
500.788580000000
499.985380000000
500.997300000000
500.609800000000
500.846910000000
502.045210000000
501.076630000000
499.781500000000
500.686630000000
501.002560000000
500.863100000000
500.560640000000
501.688880000000
500.796320000000
499.617260000000
501.224070000000
501.219630000000
501.704620000000
502.021820000000
501.368320000000
502.039790000000
501.184920000000
500.306630000000
500.892690000000
502.128340000000
501.823980000000
501.903040000000
502.887560000000
502.710410000000
502.027560000000
501.541190000000
500.875240000000
500.669300000000
500.312700000000
500.395730000000
500.587810000000
499.592700000000
501.114320000000
501.783740000000
500.976940000000
502.066920000000
502.358480000000
501.592940000000
501.557560000000
501.353760000000
501.551620000000
500.904920000000
500.952960000000
500.301580000000
500.862810000000
501.778440000000
500.996590000000
500.558750000000
500.324860000000
501.240660000000
502.173470000000
500.141680000000
501.190490000000
501.945030000000
501.428690000000
502.531020000000
501.936060000000
502.464150000000
502.277640000000
502.415880000000
501.331990000000
501.581080000000
500.641930000000
501.239560000000
501.308710000000
502.396420000000
502.284220000000
500.770400000000
501.014720000000
500.601740000000
501.994660000000
500.656920000000
500.984730000000
502.121630000000
502.373100000000
501.796750000000
502.135960000000
502.289360000000
502.149880000000
502.048690000000
501.436240000000
500.855980000000
501.374870000000
500.736370000000
500.693380000000
501.955900000000
499.896300000000
499.631100000000
499.923550000000
501.495860000000
502.135150000000
501.002680000000
501.062340000000
501.225740000000
501.611000000000
500.843130000000
502.291960000000
501.509220000000
502.865350000000
502.257110000000
502.436350000000
502.131230000000
501.206600000000
501.913850000000
502.979760000000
502.035120000000
502.419470000000
501.858200000000
501.191410000000
500.925960000000
502.077380000000
501.950080000000
501.664560000000
502.101270000000
501.494930000000
501.787240000000
502.234550000000
501.338620000000
501.052650000000
500.484340000000
500.472890000000
500.809490000000
499.800870000000
500.497200000000
500.620490000000
500.247280000000
500.921060000000
500.504270000000
499.842150000000
499.882830000000
500.521950000000
500.374720000000
499.836910000000
500.175450000000
501.323160000000
501.373360000000
500.897860000000
500.620200000000
501.521760000000
501.631260000000
502.138570000000
501.170520000000
502.021040000000
500.852560000000
500.748970000000
501.167900000000
501.903210000000
500.982930000000
501.145930000000
500.594730000000
499.730840000000
499.656540000000
500.309120000000
499.505660000000
500.439170000000
498.423540000000
499.699770000000
500.322260000000
501.257520000000
501.138330000000
499.093530000000
499.169400000000
501.101850000000
501.226560000000
501.095740000000
499.967730000000
500.692620000000
500.904160000000
502.057500000000
501.435920000000
500.666600000000
500.699070000000
499.183050000000
500.706900000000
500.828030000000
500.970540000000
501.453110000000
501.885310000000
501.819080000000
501.486700000000
501.652790000000
501.920570000000
502.507790000000
501.028430000000
500.965380000000
500.283600000000
502.733630000000
501.175810000000
500.694810000000
500.229800000000
501.211810000000
501.594750000000
501.553580000000
501.423750000000
501.790320000000
501.084090000000
500.724980000000
501.040630000000
500.583830000000
501.764580000000
501.928370000000
501.677690000000
502.276190000000
501.749820000000
500.505760000000
500.400310000000
499.971130000000
500.293200000000
500.155550000000
500.688170000000
501.439140000000
501.248520000000
500.523000000000
499.553480000000
499.316130000000
500.141660000000
500.371280000000
499.415500000000
499.974810000000
500.608920000000
501.092750000000
500.982680000000
500.639030000000
500.938760000000
501.505180000000
500.014830000000
500.959840000000
501.504160000000
499.935790000000
501.547060000000
501.890440000000
501.404760000000
501.833980000000
501.419830000000
500.963070000000
501.031230000000
502.025050000000
501.066480000000
499.806030000000
500.591310000000
500.603090000000
501.209050000000
500.718070000000
500.327010000000
501.768530000000
500.952540000000
500.592780000000
501.073080000000
500.700250000000
500.832320000000
501.049390000000
500.417980000000
500.353790000000
501.206950000000
500.764920000000
500.722340000000
501.045940000000
500.539930000000
501.298500000000
502.371440000000
501.547780000000
501.549100000000
501.969120000000
501.803400000000
501.669340000000
501.508330000000
500.528770000000
500.558450000000
501.538590000000
501.367770000000
500.008200000000
500.292510000000
500.486110000000
499.868730000000
499.717730000000
499.868080000000
500.262460000000
500.959070000000
499.879380000000
500.083010000000
499.615430000000
499.194780000000
500.216170000000
500.279000000000
499.682330000000
500.203240000000
499.342650000000
499.059670000000
500.389800000000
499.567100000000
499.385820000000
500.738220000000
499.972740000000
499.687110000000
500.288290000000
500.701290000000
500.588050000000
500.518260000000
500.027910000000
499.843970000000
500.045690000000
500.085300000000
499.398400000000
499.712920000000
500.009290000000
500.563380000000
500.821720000000
500.055480000000
499.526960000000
500.013360000000
500.146940000000
499.905270000000
499.823700000000
501.147760000000
500.566370000000
499.976230000000
500.176200000000
499.524250000000
499.754090000000
500.237190000000
499.432690000000
500.156890000000
499.488660000000
499.241150000000
498.574220000000
498.938410000000
500.530540000000
499.514270000000
499.220070000000
499.413930000000
499.335700000000
498.992510000000
499.010470000000
501.003320000000
500.398100000000
499.683690000000
500.437690000000
501.928090000000
501.860510000000
500.968570000000
500.926130000000
500.653460000000
500.728720000000
500.749130000000
500.236860000000
499.909890000000
500.920690000000
500.831960000000
500.493530000000
498.819270000000
499.525470000000
500.890090000000
499.985850000000
500.397840000000
500.047780000000
499.462920000000
500.302010000000
499.473150000000
499.562350000000
500.202630000000
499.363180000000
498.810980000000
499.719850000000
499.624160000000
499.835570000000
500.435900000000
500.867350000000
499.677100000000
500.071810000000
500.077140000000
499.705230000000
500.480210000000
500.134290000000
500.572630000000
501.652820000000
499.838280000000
500.252370000000
499.348250000000
499.650930000000
499.440580000000
499.071900000000
499.673600000000
499.703270000000
500.068440000000
499.084530000000
500.116700000000
500.216560000000
499.683450000000
499.910940000000
498.829950000000
501.032050000000
500.710040000000
499.145780000000
501.304110000000
501.236150000000
499.615940000000
500.278390000000
500.416670000000
501.189440000000
500.983000000000
500.976120000000
500.883220000000
499.754190000000
500.362810000000
499.702340000000
500.800850000000
499.689520000000
500.304940000000
501.349620000000
501.288050000000
500.763800000000
501.682150000000
501.456500000000
501.416550000000
501.264800000000
500.707020000000
500.034470000000
500.437480000000
499.540440000000
499.714010000000
501.255370000000
501.137750000000
501.170040000000
501.793290000000
500.915620000000
500.670340000000
500.275070000000
501.046580000000
500.108680000000
500.405360000000
501.031470000000
501.061170000000
500.713640000000
499.488010000000
501.080110000000
500.829840000000
500.812760000000
500.094810000000
499.095550000000
500.170140000000
500.178310000000
499.754880000000
500.671870000000
501.473890000000
500.515900000000
502.800220000000
503.013500000000
502.164220000000
502.833750000000
502.706880000000
501.983520000000
501.227700000000
501.061430000000
501.552080000000
501.626010000000
501.578200000000
501.772800000000
502.001220000000
500.695820000000
499.982920000000
500.138440000000
500.406820000000
499.930200000000
500.087510000000
499.439940000000
498.500390000000
500.055160000000
499.627950000000
500.641880000000
499.985500000000
499.121900000000
498.913400000000
499.798660000000
499.516250000000
500.063300000000
499.564310000000
498.790210000000
499.661730000000
499.562720000000
498.547700000000
499.029650000000
499.504150000000
499.352760000000
499.225670000000
499.039390000000
499.750180000000
498.977370000000
499.803950000000
498.996210000000
498.364210000000
500.078520000000
499.125070000000
498.910620000000
499.074140000000
499.615750000000
499.628080000000
500.396200000000
501.094160000000
499.812330000000
500.414890000000
500.047180000000
500.144230000000
499.042170000000
499.567350000000
499.868950000000
499.477140000000
499.903790000000
499.246400000000
498.487470000000
498.922990000000
499.487420000000
498.410140000000
498.060440000000
497.397800000000
497.865420000000
497.975950000000
499.067200000000
498.710590000000
499.537750000000
499.651610000000
500.564310000000
499.607270000000
499.409110000000
500.990720000000
499.610660000000
499.141540000000
499.823880000000
499.924990000000
499.856610000000
499.581250000000
499.775510000000
499.777710000000
498.907060000000
499.689260000000
499.671470000000
499.026770000000
499.575990000000
499.191090000000
499.036070000000
499.033510000000
499.361910000000
499.741110000000
499.051440000000
499.584190000000
500.057050000000
499.644620000000
499.935250000000
499.109040000000
500.011660000000
500.358420000000
499.881450000000
499.262810000000
498.969610000000
499.950210000000
500.020400000000
499.524540000000
499.486610000000
500.217000000000
500.451800000000
500.352510000000
499.796300000000
501.063450000000
500.696290000000
500.255000000000
500.172500000000
499.535810000000
500.151890000000
499.600610000000
499.139960000000
499.916840000000
500.056740000000
499.147730000000
499.974330000000
500.661120000000
499.511630000000
499.860420000000
498.977010000000
498.832110000000
498.523710000000
499.810520000000
499.175640000000
499.251980000000
499.585160000000
500.313720000000
501.102720000000
501.762030000000
501.242440000000
500.571120000000
500.095110000000
499.696710000000
500.047770000000
499.337330000000
498.984770000000
499.002970000000
500.563140000000
500.078080000000
499.219470000000
499.189680000000
499.651230000000
499.616300000000
500.137480000000
499.287390000000
498.905440000000
498.846850000000
498.406780000000
498.096150000000
498.877750000000
499.593520000000
499.313340000000
499.679550000000
499.593700000000
498.803840000000
500.169100000000
498.932320000000
499.524750000000
500.137710000000
501.679900000000
499.513870000000
499.525090000000
499.717210000000
499.661330000000
500.214730000000
499.960840000000
500.150160000000
499.407200000000
500.099960000000
500.079620000000
500.323440000000
500.780600000000
500.930330000000
500.485330000000
500.324900000000
500.198470000000
499.991530000000
500.007950000000
500.820800000000
500.593080000000
501.042520000000
500.755730000000
499.320160000000
499.439690000000
499.970130000000
499.216150000000
499.316240000000
499.747850000000
499.380960000000
498.288950000000
499.297360000000
499.310110000000
499.053450000000
499.590480000000
499.652930000000
499.290730000000
500.463150000000
498.631900000000
497.631290000000
498.103170000000
498.460080000000
499.533020000000
498.547880000000
499.786370000000
499.485770000000
498.679390000000
498.810310000000
499.499970000000
499.955980000000
500.679210000000
500.015850000000
499.626930000000
499.314810000000
499.101310000000
498.688120000000
499.059580000000
499.125520000000
498.823140000000
499.010450000000
499.824170000000
499.993860000000
499.784560000000
499.978800000000
499.851240000000
499.639530000000
498.439850000000
499.256740000000
498.445760000000
498.354500000000
499.355960000000
498.722830000000
499.728240000000
499.825250000000
500.208780000000
499.478010000000
500.984800000000
500.542570000000
501.446050000000
500.416640000000
499.054290000000
499.115810000000
500.126700000000
500.398440000000
500.825610000000
499.616770000000
500.958130000000
500.113840000000
499.164810000000
500.489560000000
500.789950000000
500.840020000000
500.614480000000
500.338800000000
499.530360000000
500.602500000000
500.584840000000
501.830480000000
500.845620000000
500.875540000000
500.602990000000
501.419980000000
500.132880000000
499.896330000000
501.184200000000
500.397030000000
500.528610000000
500.924150000000
499.308550000000
500.984250000000
500.883510000000
501.210610000000
500.899690000000
500.616190000000
500.713420000000
500.354800000000
500.634370000000
500.587810000000
500.757720000000
501.047240000000
