500
500.253960444019
500.313304595107
500.240228717461
499.429225194043
498.952822921886
499.621533111575
500.020451714435
500.099880081312
500.182866533047
500.124145241619
499.716413419697
499.730958392781
500.304405601594
499.890682827404
499.419412772655
499.333464672060
499.519814622540
499.855390200173
499.808717542516
499.856568684678
500.010580870006
500.188283637105
500.593139869537
500.468677110397
499.987725121951
500.175297535463
500.090193304461
500.322287638225
500.369004739961
500.768264389119
501.228204417532
501.965184527602
501.746510956492
500.903472597933
500.804913854731
501.006181998592
501.068508390748
501.163603740429
501.310589574659
501.617803333770
502.342129907924
502.203700884015
502.063573911343
501.984789380846
501.145099228764
500.534643758934
501.168890410026
501.078538087532
500.645239254694
501.236199400423
501.284820826137
501.206295300272
501.740062755250
500.795183822826
500.780555503732
500.547891646565
500.775893601015
500.490879091281
500.652919353419
501.100557053434
500.853627491218
500.211930375644
500.341954429833
500.340005597486
500.186957769556
500.270167784427
500.378495453380
500.333040498930
500.647146192354
500.680242791652
500.091143870077
500.127528297370
500.656097495120
501.199699747627
501.048095507276
500.598326699691
500.090188971166
500.393447094100
500.053193859668
500.134957358824
500.333452749199
500.323185224193
500.725499818480
500.680557657005
500.671793419898
500.394881685626
500.479273063082
500.501796184744
500.758719485626
500.404235722359
499.884117741327
499.579619758016
499.158663080715
498.929681733453
499.005238306146
499.402788023647
499.662884163762
499.293933558228
499.492849227086
499.248093910092
499.103729768888
498.596458978369
498.855313064293
499.010924657612
498.434872851227
498.218024177374
498.101583051357
497.912925537820
498.288200451180
498.659683314461
499.140947060957
498.921349670320
498.796852088623
498.820768552093
498.753158039644
498.668571962591
498.114801047597
498.119122237447
498.350559996831
498.338354865053
498.750268390066
498.445111372850
498.878489558709
498.874801093844
499.582673644650
499.400581901718
500.233238961144
500.410242075614
500.283041321397
499.816838097628
500.835660719943
500.952142597554
500.487976663827
500.075152803071
500.057103407339
500.387344114428
500.150283889685
500.459891524073
500.470506554922
499.479914554380
499.919416970361
500.068528071139
500.217990696096
499.995736878805
499.912776700817
499.722551328228
500.018562793973
500.227876414424
500.100119147136
499.712302289340
500.020718174455
500.180967278885
500.529955625470
500.812545368113
500.560806757021
500.281266288544
500.153267316485
499.828156046879
499.835622650195
499.744904288129
499.859936039585
499.868537059999
499.948430412553
500.255989150962
500.953628916927
500.776340956246
500.755508423959
501.178712333715
500.950152039493
500.821934564211
501.768432008281
502.007872269957
502.278182472929
502.308593546618
502.415977397475
502.441975686378
502.069999012899
501.605136960585
501.590244964386
501.829457138654
501.778286871717
501.522886691337
501.101819150986
500.843196883111
500.525976200006
500.814926525244
501.562593877029
502.060398163616
501.839424297526
501.418780902856
500.987176866990
500.798269654446
500.143402999349
500.669527415998
500.987314330470
500.940994440049
501.008428091943
500.385071378802
500.107806712805
500.365187747618
500.563559406143
499.622634871284
499.601210273147
499.450373820261
499.300487978656
499.937784989176
500.719731012988
500.763089463542
500.851989326906
500.128771342040
500.279489044688
500.734246258710
500.495499100739
500.243357716521
500.144029691968
500.244772053122
500.739213338029
500.244557994226
500.241943580587
500.289193995196
500.938185051980
500.417400591865
499.992582563166
500.026108801176
500.407813022179
500.177122760034
499.675180074028
499.369523494907
499.284378706065
499.548687917098
499.979352936525
499.362062303117
499.278592588229
498.920486848969
498.809917502688
499.020319179544
499.350257987911
499.788986190842
499.965332757484
499.865036672776
499.843840617719
500.027951397227
500.469477106835
500.317868583087
500.195366138918
500.121065231161
500.253429313824
499.992558050377
499.889826879502
499.934487091011
500.322369279979
500.916222604002
501.267946233612
500.707967395622
501.411564992430
501.341905149755
500.993607694970
500.962275736441
501.245555219965
501.215679135955
500.986814574120
500.615810380542
500.271608090154
500.402724542486
500.411131954604
500.005615929808
499.909669015520
499.765495187130
499.844018053602
500.167623491564
500.394063634315
500.577381493367
499.703520448361
499.340364883186
498.982847824137
499.049732595515
499.258261657932
499.165779606960
499.583198257307
499.526006127224
499.598305966782
499.020788436237
499.209229012953
498.130795176445
498.540563615855
498.472914200122
499.287526361183
498.807047767743
499.300657439954
499.311128248711
499.450234372969
500.055092467944
500.062755865620
499.899591464489
499.551367137236
499.230405084279
499.255933404394
499.849684276835
500.284842363041
500.537345341263
500.964137581468
501.520873161618
501.456786092463
501.294106578635
500.859907937711
501.023389814459
501.414734497030
501.692711987325
502.108851308307
502.202370332989
502.525657680815
503.116678578139
502.940272323955
502.624657638149
502.100049822826
502.453509179581
502.860258591672
502.675470173706
502.198062709486
502.291943233796
502.814706134866
502.477142588857
502.083385112511
502.602193012229
502.932984498297
502.887172094533
503.240393176486
503.431348979809
503.103768165396
503.143751344692
502.864445551532
502.264936684803
502.372158885015
502.029398227394
502.177243686372
501.865051760916
501.647209765086
501.532450122871
502.448503660393
502.938534483184
502.826372589322
502.403853115991
502.477692133048
502.895088711984
503.207608490442
503.563367735727
503.610191049880
503.497279555936
503.485338636527
503.187861490160
503.602532312180
503.596223601908
504.064626956292
503.658858940333
503.884674462614
503.237075630803
502.463839196775
502.441024862630
502.578823698586
503.128122407006
503.567201135462
503.757937082396
503.948169988700
504.343419883722
503.769270512964
503.790380875594
503.784443502685
503.201380665415
503.189501064316
503.676393730847
502.437380222677
502.164455885632
501.552206727710
501.364239651466
501.146119071581
501.013495684583
500.887183857099
500.718376618363
500.177851808954
500.611739300501
500.285613861277
499.865623393772
500.357576809947
500.348883386970
500.573448905648
499.861834867251
499.360204663123
499.523581558546
499.629672365260
499.456297266284
499.843735352941
499.910327679730
500.039116885793
500.085376496849
499.945791736701
500.247588952242
500.131132300584
500.778816985948
500.017805193470
500.119699246638
500.012518419511
499.921707980491
499.983963041076
499.500859161666
498.748039704412
498.425074537082
498.629649753090
499.598916748691
499.894643387039
500.175343813107
500.516757802773
501.183757758790
501.690851348128
500.913744389735
500.914334168921
501.500557538691
501.413355306445
501.196677481989
500.911773637336
500.240803300699
501.184944934147
501.456220199628
501.236080100027
500.555432061633
500.850661785526
501.019665212644
501.195612186258
501.769611123362
501.511702183345
501.525210902244
501.642499900458
500.907583674514
501.329405194073
501.381574164148
501.508213800554
501.279512665656
500.894484096860
500.397503389528
500.141142439493
500.997850280652
500.850753178387
500.955328484605
501.708847431193
502.296739123485
502.566402176403
502.405780048656
501.861647470940
501.467036131117
501.648371639065
501.393066742968
502.286843937293
502.229057555765
502.558737018949
502.592430230547
502.435192978774
502.472862341035
502.322748816025
502.754873256791
502.492371526329
502.463617560029
502.429860855487
501.766556342645
502.196640693050
502.359711846573
501.842240226485
501.539472090550
501.738963574199
501.967038984481
502.351186233039
501.783871045907
501.606931178024
502.008084521210
501.769514814645
501.397011246080
501.286375112177
500.994663401422
500.125998865315
500.527055908474
500.637805508451
500.834580474062
500.502399745703
501.297344209562
501.376606708439
501.836452478459
502.096012578246
501.250080367346
501.464667398581
500.899498027387
500.194807818072
501.068247332414
501.628497443900
500.950257208274
501.583408762207
501.706512278529
501.275135574299
501.859058836556
501.145401260246
501.099787800006
501.951726292690
502.212180097705
501.770694731327
501.180206716396
501.096397810665
501.017404785816
500.899539191415
500.965108555380
500.576738929301
500.872018653190
501.661129104291
502.244473258604
502.554413484837
503.218999457662
503.312978119523
503.323637436763
503.110188859199
502.640181710409
502.364733393146
502.498218861319
501.652902668322
501.066813025033
500.475189134167
500.099027628283
499.111791846489
499.142594367755
498.964095484878
498.624451649541
499.032516369163
499.100664483877
499.404764770015
499.238953655722
499.105134915206
499.301173742547
499.049530380476
498.841132218883
499.379341560343
499.182917267603
498.602871644831
498.681585761524
499.109811090908
498.977245577959
498.711772582460
499.199070583506
499.434229287826
498.979331113217
499.374197831115
499.263533185473
498.316052207438
497.945991577628
498.098946157932
498.068560800240
497.679046522517
498.296322075451
497.842062159982
497.526878825517
497.123829600612
497.098616527554
496.891556440170
497.524412707979
497.754063145646
497.249315621853
497.643833331796
497.782072839807
498.179641549599
497.833267623248
497.678416932317
497.885578082142
497.803343153794
497.872794406053
498.462203081256
498.635512924793
498.154324901290
497.425455083463
496.799491261672
496.244681467116
496.314572012458
496.109479130345
496.137706565887
495.865807157495
496.104672822168
496.155497718390
496.055487029970
494.974470769144
495.150084263510
494.480240429737
494.478872553616
494.248545202287
494.240125594079
494.323702891652
494.491099035604
494.993485038696
494.809775186308
494.555907092888
494.646328802294
494.832537654259
494.274364306451
493.837826974822
493.654437770195
493.615901471980
494.344299553848
494.513930339462
494.514996783984
494.365678971337
493.828857412471
494.027126801242
493.666827405191
493.335253541930
493.485405239599
493.148804320140
493.319325532035
492.667266052409
492.297576690538
492.005190345774
491.897134323943
492.094526479298
491.871229641838
491.628639489000
491.079983726944
491.058129660450
490.989815461529
490.753487423097
490.800556327576
490.294934932879
490.462570450397
491.393227336523
490.915455530193
490.865845544353
491.159180304266
490.925711817295
490.042905347927
490.385788521488
490.121415239894
489.838018812016
490.328704388239
489.908299419137
489.745007856324
489.771763402731
489.838328735848
490.272314764369
490.338199395354
491.187247781504
490.329633889595
490.190017939733
490.158032203749
489.891100978057
490.271486880745
489.700255411677
489.919937819594
489.049606651882
488.895294612507
489.183311853396
489.056356590573
488.639966499359
487.480594127783
487.524253912640
487.825976343170
487.806800609693
488.268662379890
489.329342008385
488.845785983014
489.317762103918
488.836572984872
489.168781069455
489.094474289265
489.360946203728
488.797937455300
488.923068171667
488.600799116191
488.278805477773
488.722085225060
488.428414167221
488.115434841621
487.531079956856
487.372007947818
487.370901220737
488.551065000231
488.557538634968
487.853414084762
487.463595884530
488.116300757391
488.518955763178
488.831768698215
489.050556266917
488.501339309217
488.883512343088
489.609000478486
490.842254291282
490.503852195759
491.064879228145
490.673455886929
490.803800802351
490.140189943660
490.220109727735
489.885466387729
489.829166751701
490.343223681435
490.347217581526
489.768979473585
489.535013700490
489.449170661379
488.884302914222
488.531979068979
489.724167728619
489.045635972579
489.584004273848
488.934795960084
488.951008575826
489.570856801616
489.339019292688
489.196825278551
489.139208761597
489.040748541910
489.470044828845
489.425170241380
490.127126134903
490.392210147939
490.485470014171
490.321669390077
490.843692321133
490.486326357850
490.455297365436
490.359721335753
490.074200494284
490.496985163274
491.390021205750
490.624151411013
491.005681606455
490.532992686107
490.445270511499
489.587771144720
489.080901307847
489.321014298826
489.226970309930
489.065127391281
489.042709968080
488.835467578622
488.907858547567
488.232504914530
488.272146290272
488.074884205259
487.827002694927
487.807204362035
488.229979323573
487.597295811367
487.979404895208
488.473417905863
488.075042751669
488.179368751618
487.739679861379
487.567263511831
487.725501988401
487.626717555024
487.728093157194
487.421606659537
487.493174673799
487.061168437037
487.583114513169
487.665955967862
487.486554563406
487.970568801362
487.363860654465
487.264632718955
487.975149674011
488.233080210679
488.575449691347
488.845114027952
489.123217707662
488.869493103560
489.864097911321
489.961757451887
490.256606160791
489.872074385653
490.468431206226
491.108082926159
490.776980566359
490.462759303527
491.163193450727
491.266910044057
491.051054811263
490.552176205236
490.581287405938
490.188248360990
489.907516736238
489.653399397566
489.380338309827
489.610181817107
489.512683048147
489.371398878520
489.280609913256
488.572365629016
488.837177232709
489.169023239903
489.296343738089
488.868489246822
489.165008260480
488.776361070685
488.527472166229
488.673864968585
488.860283756751
488.175049233237
488.322974779581
488.318903413760
488.499957689705
488.100769672811
488.360366297689
487.838813641133
487.246139644311
485.943121267614
486.081664385362
486.865906690989
487.155983392603
487.482017594796
487.005186689141
487.233595093004
486.612687254868
486.973081007295
486.198993345510
485.716948107954
485.745730890838
485.868043526155
485.636635088808
486.228054124182
486.587994129317
485.880264173481
485.641362309272
485.719747633540
486.130002483669
486.116444583057
485.711559560956
486.465552310626
486.634040394586
487.038549263139
487.257091005372
486.845783317428
486.222071758512
486.474144294806
486.068486709292
485.912659245610
486.123342044530
486.091233409666
486.766104926607
486.600691759883
486.770043063093
486.239162340086
486.145065876909
485.332002140443
484.695109753418
484.175921273149
484.247526623951
484.654616128913
484.720947378827
484.433424346503
484.294340540170
484.220585069687
483.805549916810
484.011455645910
483.811808830791
483.268258880204
482.210180747477
482.332264883885
482.902600348319
483.323520097472
483.270375761525
482.807674925890
482.386085184973
482.910238066080
482.992964196367
482.867332737546
482.967451649688
483.079752102466
482.683253063165
482.929311409541
482.870604388661
483.324157628395
482.652526515732
482.399541098502
482.490655477502
482.332006093835
482.086404159893
482.200779911446
482.023630846479
482.036557236089
481.971631623612
482.719150214006
483.155486121865
483.242265455966
483.250445944238
482.659124272783
482.708414088957
482.279264881844
482.093031021118
481.836840702556
482.143196094781
481.924791784010
481.917575257769
481.970981004920
482.040277991317
481.665062448161
482.369716629872
481.943112147761
481.849647240738
481.356796019792
481.045300166194
480.845491102911
481.378915374692
481.510202054880
481.500394291325
481.482708071918
481.495214781116
481.805158970724
482.403390140187
482.480553434593
482.260444715416
482.015339682798
481.787859580304
481.875536396583
482.382152364836
482.871315805311
482.979985972601
483.184438420809
483.011776230002
483.224809577428
483.547606123192
483.416180379054
484.002920784247
484.549801454845
485.051130912498
485.166305215605
485.078091059663
484.714559923001
484.705118548933
484.566610392170
484.597244853508
485.108820412364
485.990122133609
486.064527531403
485.547816277277
485.354700072832
485.016862745510
485.286923122456
485.679666852272
485.813065793394
486.204832788867
485.561789040255
485.877456908745
486.073798913067
485.704198963986
486.367179957576
486.191235828377
486.672089668644
486.259795149586
485.861693338306
486.252901150366
486.426817140903
486.106202097040
486.334387880985
486.541537964625
486.300755612818
486.789161875592
487.248186015657
487.366649769869
486.745342204960
486.732793256762
486.929615155854
486.772964555148
486.997949989043
487.196138028422
487.895473151064
487.618965267660
487.030656661831
487.953940639569
487.950583805845
487.562477485507
487.215413119506
487.273439880083
487.100531130012
486.905280934152
487.123973066512
487.006179409163
487.005431866516
487.335890176312
487.094671237620
487.350959201871
487.438676502539
487.619737797850
487.716242719840
487.745738454715
488.106283694650
488.648299616252
489.285691551728
488.727584096235
488.754106301307
488.245943094962
488.595579011473
488.307605299458
488.765654567118
489.148095313769
489.606900204293
489.830643874830
490.914185695384
490.593649157236
490.624116748955
491.332737103402
490.497206582289
490.254657070177
490.169581203040
490.259864568157
489.721672696235
489.476070960867
489.159375936417
489.246861075817
488.764094973846
488.527632246751
488.313924210995
487.805481729873
487.742648640881
488.014779381720
487.828118807709
487.644198176221
486.969150462465
487.139888004285
487.219332740675
487.502758626969
487.493878631444
487.557607087130
487.227658502495
487.565151747363
488.078667018663
488.589174441895
489.124957224300
489.272075280613
489.130993141798
489.274563012725
488.788505210225
488.350148900913
488.264300716293
488.045457477805
487.868492630366
487.306274272807
487.191422586149
487.166739480038
486.789123001765
486.939485342999
486.648515281137
487.002195407126
487.048965975285
487.367557270470
487.025686098290
486.977797792783
487.278177110251
487.490233895672
487.479658847785
487.232689502929
486.851001629256
487.000144407557
486.250497733796
486.736227668337
486.636077089426
486.590409718338
486.420465675550
486.310077260239
486.293787237695
487.134084019601
486.848883711128
487.344428518033
487.803742374482
487.138854905874
486.529923390862
486.559189255704
486.262947704902
486.796532248521
486.580255559024
486.076435037743
485.970619087742
486.710334408228
487.431576291305
488.131582996902
488.433937169161
488.253920556485
488.291168892335
488.369596212555
487.603272010632
487.420153351441
487.624118897605
487.716906981546
487.573405245393
487.894902345310
487.676650000232
488.353661515872
487.988012947427
487.651491045138
487.896595162769
487.757003263536
488.363102298861
488.068885568490
487.929800827829
487.934646605382
487.416814780740
486.909744960402
487.227495308271
486.655543592302
486.735338929185
486.591139024408
486.635430278864
486.775527683649
486.055153449759
485.444025457504
485.591985656610
485.592749152838
485.746407369888
485.715087935332
485.102570751984
485.082075439708
485.158629403133
485.590372197557
485.385589229559
485.265234189389
485.935073698022
485.828161766070
485.963717041518
485.580757222376
486.191201553000
485.764457463530
486.123614732521
485.611032052827
485.300163962261
485.381632820989
485.130650530395
484.513790182369
484.759180504974
484.685095773999
484.213748248675
484.881737843920
484.664944765763
484.472012473009
484.805764707807
484.719173996064
485.230172533266
484.981706690558
485.539722710735
485.498093305643
486.421912916522
486.343634886214
486.374719120508
486.375773938193
486.205004909916
485.558904102639
485.855144654982
485.816530832031
485.611948818817
485.906995650978
485.871646108873
485.469044849515
485.164732100627
484.570499838971
484.133587463398
483.974151896544
484.233366252240
484.609463816475
484.210112182663
484.568606897611
484.048472111007
484.527831395456
484.477912077639
484.594982347021
484.612308144473
484.028086879543
484.569035381618
484.312700550464
483.730488806451
483.654016840442
484.394472690396
484.478721833617
484.158849811161
484.329033755313
484.977475166660
484.577503342966
485.285799754612
485.156917734265
485.029517185302
484.793858040211
484.340577535905
484.558230994833
484.439942344454
484.501007260550
484.093229062295
484.212164916978
485.335841578991
484.825517940676
484.725548288522
484.949717164620
484.843439019349
485.093535853285
485.043192419950
485.499575432873
485.950992418423
486.040280412983
486.607708983599
487.110463371790
487.290885964870
487.039159594729
487.444046642739
488.116355618124
487.876711112983
487.590482875927
488.182415765866
487.539436064103
488.347074549815
487.954266264946
487.866715932005
487.843203409821
488.187903894843
487.824280497931
487.971132069526
488.414758997991
488.416619783423
488.812517788168
489.007656933985
489.183846586405
488.950789006438
488.476448937944
489.169479959372
489.420251085218
489.175000414245
489.177213719379
488.865868247213
488.522023700009
488.509521260533
488.030751315181
488.616957113809
488.825219956274
488.245430318383
487.993947132189
488.468809643471
488.874476507374
488.933988626165
489.135379845631
489.130765548753
489.280287138772
489.025614337788
489.659646585968
489.769754686535
489.476902617214
489.582002532169
489.111995850078
489.218817475131
489.492607290035
489.627103105092
489.669408727635
489.669497340654
490.491986316868
490.395640698026
489.616630693773
489.220403026834
489.933893608686
489.973291658610
489.960208588533
489.544958341765
490.394591027668
490.257731146625
490.190828353471
489.993558021579
489.325802144089
488.748193207605
488.705306644818
488.208265092684
487.806912222262
487.775207861748
487.245117954616
487.026047148786
487.662155172710
487.135605959296
486.495357853858
486.763204793236
486.452654146730
486.349541110992
486.115415617726
486.041526860076
486.607532052989
486.654854115863
486.659782094335
486.355781653337
486.535644150319
486.642447636349
486.864835193627
487.159200191702
487.296082999867
487.566113039398
487.726586627029
487.887610528186
487.059248198268
486.875748641050
487.235218158145
487.293687692954
486.812151885246
486.621199609940
486.826402820003
486.954160685910
487.008759797745
487.027567381804
487.205740883380
487.093071784333
487.275577368083
487.650458751604
487.850473061536
488.084307451871
488.045267234310
488.085021475039
488.050491793227
487.557213601951
487.567867535991
487.078497048527
486.302511085579
486.079110610234
486.326998813604
486.599647578046
486.626600610789
486.221352532191
486.539787343409
486.899115278374
487.288487344545
487.484308807132
486.998049692157
487.490065841898
487.784007681032
487.375968610556
487.884708091170
487.574208778338
487.048220412940
487.003871800439
487.484205310427
487.715393773381
487.239331992015
487.474075118775
488.156251913486
488.530061573273
488.626877873742
488.426063816335
488.129721237434
488.389798767388
487.832591133270
487.564335988404
487.861964867564
487.596601306681
487.972850615092
488.519579959374
488.110146188817
487.154516080256
486.865000470116
486.182983245482
486.039428703314
486.296596374742
485.999814308665
484.904540605282
484.895128229118
484.292191594880
484.512699826037
485.405506639620
485.847825637792
486.241845739203
485.368437245302
485.465849104213
486.516835543934
486.861951860609
486.780783596996
486.659876433492
486.052662038521
486.698868941315
486.406970280845
486.184263601062
486.145180601527
486.354007080220
486.117137989118
486.632775717544
485.912507440850
486.485221932459
486.511775448129
485.698837788038
485.510246120068
484.818725181649
484.739075446853
484.407203050912
485.124080758344
485.470395703097
486.000897661489
486.174210448367
486.307966328998
486.316486805919
485.128374024702
485.427543510478
485.052736232914
484.919590032642
484.193739242595
484.115721723908
483.857000694805
484.271214275104
484.340760344928
485.183414889571
485.306987371442
484.827189602334
485.270466552140
485.892204100850
485.985136886616
486.111422470811
486.107374593786
486.566564378844
486.887013923576
486.871144639093
486.786304380699
487.245630088162
487.168302192359
487.192167937816
487.345992190383
487.447852578229
488.250092496291
487.980870848297
487.825715908192
488.084819568705
487.671688127225
487.346011738700
487.923163972440
488.075994009387
488.419380274670
488.540291082856
488.127748956623
488.132227215922
488.146903445717
487.991247272214
487.795941446122
486.735205287052
487.148577394090
487.357871173746
487.418118739867
487.415949480976
487.648485932847
488.069019408566
488.947202176578
489.550039108375
489.947613623464
490.462268579875
490.445354293108
491.270858409516
491.313581278995
490.784983052552
491.025299038462
491.215290284891
490.736560666167
490.997476071537
491.064635873820
491.746834587836
491.667629584992
492.367014151253
492.760257383198
493.188198967938
492.810653983300
493.354711719132
493.027491427331
492.955283613008
492.411903547159
492.110655269493
492.599524676285
492.661420896713
492.366638203811
491.851754926718
491.826146996199
491.421829197795
490.952042467429
490.807141923623
489.970788803087
490.006210453121
489.744311321541
489.429613089371
489.615602706172
489.554585275541
489.670899237909
490.240531468476
490.233194103307
490.544222179285
489.613531250874
489.429485445452
489.240806877639
489.285854700943
489.471511110388
489.732800539316
489.582969460252
489.631798472656
488.916429261721
489.431874125622
490.042947944525
490.215588250594
490.018470071252
490.012122916596
489.965418610906
490.067353784350
489.693838958277
489.553955025409
489.848326279094
490.356465262828
490.143092035369
489.648029052549
488.470415131105
488.431231489365
488.230121898567
488.006541260231
488.024970492038
488.179399885574
488.707401507913
488.312970789684
488.302108886294
488.390837139834
489.202726217696
488.967828015279
489.278309163059
488.779553758016
488.965324115357
488.594511760336
488.417264409103
488.481210985045
489.193143790084
489.413029750546
490.087720546198
490.069593517434
490.407894837753
490.167123976195
490.148595436909
490.479054467736
490.336455639911
490.820841303241
490.379956685650
490.745975268132
490.886591198815
490.112298679171
490.825866814921
491.414166396302
491.765053213414
492.164455084201
491.571017741861
491.751306276913
491.235630246311
491.059811241896
490.849498923137
491.306282717433
490.592669990641
490.338060530790
490.402256170755
490.669024267135
490.805510312053
490.242943016463
489.344848840057
488.677968666420
488.479020937976
488.032443044867
486.944838454691
486.551507800326
486.753943836351
486.640136796133
486.862691078754
486.965780329348
487.086208166724
486.697094818444
486.563731055611
485.778644167614
485.545524573303
485.096212513144
484.876723190755
484.495598959255
484.483893054750
484.852657592398
484.945123669370
484.322636800749
484.790966559884
485.392267222803
485.118298537271
485.068394809907
485.006090172211
485.077537598043
485.754792528543
485.770837541850
485.879691397639
485.418061141817
485.387043313896
484.954282159190
484.857794238094
484.644143735255
484.357513148427
485.072414096418
485.093686638408
484.924336406629
485.089637094972
485.466818848776
485.552448071611
485.608934752703
485.655479676827
485.432826521968
485.235857369927
484.723053211264
485.081982104901
485.649907720671
485.856076513833
485.698823444498
485.365556154025
484.855698870738
485.147113597015
484.761484533813
484.559545385047
484.864709471685
485.189112907934
485.297586091615
485.767111151922
486.329139971085
486.726296391496
486.410098493716
486.077578263738
486.044362624359
485.869841842630
485.747120193450
485.976121592819
485.945607371753
486.350727032903
486.223580725359
486.199794877054
486.464569861691
486.627419205110
486.385880962962
486.174767034969
486.126714652954
486.089697233126
485.643276280629
485.697223945791
485.772117485105
486.358997537645
486.167076185087
485.533289393080
485.497762698561
485.633853487582
485.579728739890
486.302460990477
486.184103750491
485.518906146502
485.745191234707
485.185425100622
485.278971008415
485.583537276731
486.011899948539
486.760948894549
486.515442589685
486.418318056941
485.849910238205
485.252771356706
485.171571574912
485.007637244902
485.434625947140
485.345517341962
485.648257962193
486.006038720631
485.356637153454
484.700851726123
484.984852070926
484.322329904164
484.697926764105
485.183004675737
484.716316312226
484.896409769950
485.331884233988
485.821869218674
485.505504939983
485.330777683441
485.305964246748
485.597670414248
485.333792714521
484.383592927272
484.410231877342
484.732233321982
484.244685806780
484.212432812073
484.280872759104
484.239608319215
483.754436956794
484.073040968621
484.295301971906
484.217759983504
484.052673460121
484.038598765231
484.156982268926
484.090704614159
484.618473875469
484.725517442559
484.585040557906
484.279264045335
484.123832051454
484.546966813681
483.828896128439
483.461771641238
483.118833155950
483.278041348320
483.473055591250
484.158461242342
484.353216629050
484.150413511189
483.157620736577
483.006735536377
482.860915016356
482.688044939879
482.454926163394
482.293170333362
482.482230799037
483.284623708162
483.167361381215
482.953076988320
483.021155937645
482.808509042107
482.820988499072
483.422707263629
482.771543361696
482.551172736205
482.334980739501
482.625441357907
483.220990354792
483.548204539323
483.322988047335
483.217029233851
483.209437096008
483.796993592241
483.516504195992
482.958291839942
483.036326326117
483.049529026997
483.021811957195
483.890931960572
483.978551137770
483.944986674338
484.301117630678
483.736879790891
483.220650333332
482.741498322313
483.218925217902
483.780422413829
483.458564043244
483.290444938826
483.084443616657
483.502798829261
483.130570556940
482.686624980958
483.180329808336
482.599194360059
482.914453216585
482.935358954030
483.555159430369
483.647189858801
483.606216543861
483.755451298016
483.514296432042
484.147537360625
483.753959128823
483.014774919961
482.941084371361
482.680027470606
482.842231928864
481.503523230588
481.511639046729
481.579404726638
481.345677250523
481.270501668592
481.420694773531
481.635832589833
481.722227431434
482.016103152064
482.255858914950
482.296720614396
482.106463051250
481.819550776612
481.625638707210
480.938777502778
481.136899952949
481.026594264502
481.335451719421
481.311399082098
481.238572769085
481.220101199229
481.383615776794
481.601127619526
481.359656235962
481.074909934323
481.453022604307
480.741700070952
481.131583922173
480.824380494696
480.056003534376
479.855275343538
480.409750114731
480.254808337389
480.006444497359
480.095931109529
480.340122261249
479.957318110006
480.430197407319
480.168632278471
480.222075969006
480.266084436450
480.278586178397
480.768003583093
480.681208176506
480.538223803867
480.691482482389
481.246340284744
481.493570643683
481.613517923118
481.949467795611
482.400312154245
482.544976317682
482.040630765863
481.316736516936
481.536011362914
481.524378428378
481.143949713010
481.267781666964
481.500233635408
480.862314463325
481.203182125168
481.361037018544
481.282327488919
481.409589251409
481.482950944666
481.808102241141
481.798621503644
482.614212882379
482.178113483933
481.242648742938
481.833562533252
482.340567155024
482.735821823455
483.264108023648
483.035073006959
482.503295689882
482.929564270066
482.793945064438
482.384595178353
482.991751232957
483.232716484906
483.557410934000
483.814899501317
483.999884171586
483.996886485171
483.470926814468
483.455294226758
483.728744686784
483.916607629463
483.881197180985
484.406219998310
484.465492420477
484.636694553580
483.801173249918
483.889508393893
483.511725246196
482.504964255292
482.783870457023
483.063652087189
483.070565016863
483.765621208314
483.130770785460
483.167869098818
483.241237467462
483.509336075486
483.033955325205
482.772136426839
482.995644907521
482.779931447536
482.770962701295
482.973234917535
483.107031655017
483.332406595493
483.263474113007
483.171982676785
483.295959366042
483.437621996026
483.267232300625
483.177669634719
483.811436589353
483.225284117155
483.243893600599
483.430395012312
483.239009946969
483.230214905739
482.813860509733
482.693167107377
482.742580792328
482.834614635526
482.946647571827
483.405379962462
483.213160590068
483.149620229756
483.276274146312
484.120961902325
484.339108049946
483.966236919638
484.067210244569
483.621387665774
483.158383682263
483.459471394462
483.167089642553
483.060361602615
482.608618309243
483.056455670149
483.089851072367
483.160781898273
483.556590055652
483.495346937318
483.413943123612
483.669820471645
483.923734060804
484.332909351041
484.581656373673
485.243948596977
484.882561596361
485.303884256939
485.203333487639
484.551838798696
484.687427583666
484.031123737364
483.627353008098
484.473968197455
485.363217278368
485.065959483100
485.330907673714
485.588585945346
485.290716306380
485.661466624575
486.432101107385
486.887237985075
486.703109199311
486.941171745568
486.879492222652
486.913880281108
486.983085962854
486.581783420877
485.854323612259
485.167633076525
485.056765137204
485.258106020965
485.456350454504
484.836011917508
485.086823345852
485.170243818623
484.966073184433
484.940629174212
484.795377307238
485.425956840137
485.793675512809
486.060561253130
486.068897098137
485.902588770215
485.552058737954
485.261531886547
485.320477705891
485.361680665554
485.568182087439
486.080601647735
486.560352293174
486.473640205845
486.621824934082
486.411061355451
485.704443520002
485.984032137977
485.817223330819
485.984486700389
485.569797693765
485.944917367741
485.969976983217
486.033627208563
486.630125083210
486.990753450455
486.879989820864
486.968169592237
487.474374364206
487.802536991160
487.954618326168
488.117616625398
488.499801089672
488.364802611412
488.993921445088
488.029699179618
488.211612136143
488.236051542784
488.660877763965
488.528756924593
488.179119819355
488.390478686260
488.194403960416
488.124367880606
487.576418660301
488.190065535336
487.581212913960
488.170142777010
488.198164536961
487.828750747106
488.346979904057
488.763869083063
488.692432230816
488.244446716254
488.809968187896
488.486201548834
488.555637810133
488.288290816840
488.703241089874
488.223410938924
488.359661353675
488.578269504468
488.859773579427
488.736646815606
488.307781141624
488.200521691559
488.781525500603
489.125706592896
489.244003966139
489.998238355487
490.300898112859
491.319756976642
490.575073481526
490.740834729973
490.544107282672
489.859570775341
490.030168028757
490.100994082064
490.034544476029
490.363815090455
490.609770857402
490.571341426275
490.056110502183
489.552602345290
490.033872443558
490.618654187761
490.907677844784
490.864580359403
489.809056506783
490.327449132743
490.657370308212
490.870318798114
490.193156873350
490.594535907063
490.550602360532
490.785176178529
491.141287310636
491.535903702408
491.517843098914
491.861586497618
492.412885423688
492.785967538441
493.632874579946
